Station_ID	Sample_Depth	Start_Latitude	Start_Longitude	Hg0_pM	HgT_pM	DMHg_pM	MMHg_pM	TRANSM	FLUORM	CTDPRS	CTDTMP	CTDSAL	CTDOXY	SILCAT	NITRAT	NITRIT	PHSPHT
10	20	74.999	-170.042	0.16	1.39		0.012	4.3584	0.083	20.2	-0.7891	29.412	433.4	3.53	0.33	0	0.7
10	20	74.999	-170.042	0.16	1.39		0.012	4.3584	0.083	20.2	-0.7891	29.412	433.4	2.06	0.01	0	0.63
10	44	74.999	-170.042	0.04	0.94		0.026	4.3208	0.527	44.3	-1.2086	31.7411	399.2	25.65	6.8	0.13	1.34
10	44	74.999	-170.042	0.04	0.94		0.026	4.3208	0.527	44.3	-1.2086	31.7411	398.4	23.21	5.1	0.12	1.26
10	80	74.999	-170.042	0.11	1.73		0.045	4.4366	0.066	80.7	-1.5536	32.3635	318.8	28.68	11.79	0.02	1.57
10	80	74.999	-170.042	0.11	1.73		0.045	4.4366	0.066	80.7	-1.5536	32.3635	318.8	28.29	11.22	0.02	1.56
10	120	74.999	-170.042	0.09	0.58		0.038	4.4394	0.027	121.2	-1.7012	32.878	310	39.63	16.46	0.01	1.82
10	120	74.999	-170.042	0.09	0.58		0.038	4.4394	0.027	121.2	-1.7012	32.878	313.9	37.77	15.34	0.02	1.77
12	19	75.777	-171.254	0.33	1.47		0.016	4.4409	0.024	19	-0.5989	28.577	394.3	4.02	0.27	0.01	0.73
12	19	75.777	-171.254	0.33	1.47		0.016	4.4409	0.024	19	-0.5989	28.577	394.3	5.88	1.31	0.06	0.81
12	19	75.777	-171.254	0.33	1.47		0.016	4.4409	0.024	19.6	-0.6061	28.6159	393.9	2.94	0.04	0	0.67
12	19	75.777	-171.254	0.33	1.47		0.016	4.4409	0.024	19.6	-0.6061	28.6159	393.9	2.94	0.09	0	0.66
12	39	75.777	-171.254	0	0.96		0.022	4.4399	0.042	39	-0.7804	29.962	392.6	3.53	0.04	0	0.72
12	39	75.777	-171.254	0	0.96		0.022	4.4399	0.042	39	-0.7804	29.962	392.6	3.73	0.03	0	0.72
12	39	75.777	-171.254	0	0.96		0.022	4.4399	0.042	39.4	-0.7766	29.9845	391.7	3.43	0.05	0	0.7
12	39	75.777	-171.254	0	0.96		0.022	4.4399	0.042	39.4	-0.7766	29.9845	391.7	4.12	0.17	0	0.74
12	59	75.777	-171.254	0.46	0.71		0.046	4.3805	0.383	59.5	-0.2656	31.17	369.6	7.54	1.8	0.2	0.94
12	59	75.777	-171.254	0.46	0.71		0.046	4.3805	0.383	59.5	-0.2656	31.17	369.6	7.94	2.09	0.2	0.96
14	17	76.5	-172.97	0.19	1.27		0.026	4.4327	0.012	16.8	-0.4721	28.5222	373.4	2.65	0.04	0	0.64
14	17	76.5	-172.97	0.19	1.27		0.026	4.4327	0.012	16.8	-0.4721	28.5222	373.4	2.55	0.04	0	0.63
14	17	76.5	-172.97	0.19	1.27		0.026	4.4329	0.025	16.8	-0.4721	28.5222	373.4	2.65	0.04	0	0.64
14	17	76.5	-172.97	0.19	1.27		0.026	4.4329	0.025	16.8	-0.4721	28.5222	373.4	2.55	0.04	0	0.63
14	29	76.5	-172.97	0.5	0.67		0.027	4.4443	0.016	29	-0.9131	29.2525	377	4.12	0.18	0	0.72
14	29	76.5	-172.97	0.5	0.67		0.027	4.4443	0.016	29	-0.9131	29.2525	377	9.7	3.2	0.01	0.95
14	29	76.5	-172.97	0.5	0.67		0.027	4.4432	0.026	29	-0.9131	29.2525	377	4.12	0.18	0	0.72
14	29	76.5	-172.97	0.5	0.67		0.027	4.4432	0.026	29	-0.9131	29.2525	377	9.7	3.2	0.01	0.95
14	55	76.5	-172.97	0	1.31		0.02	4.3042	0.823	55.4	-0.0172	31.1036	353.3	15.96	6.84	0.03	1.25
14	55	76.5	-172.97	0	1.31		0.02	4.3042	0.823	55.4	-0.0172	31.1036	353.3	12.44	4.99	0.04	1.1
14	55	76.5	-172.97	0	1.31		0.02	4.2709	0.89	55.4	-0.0172	31.1036	353.3	15.96	6.84	0.03	1.25
14	55	76.5	-172.97	0	1.31		0.02	4.2709	0.89	55.4	-0.0172	31.1036	353.3	12.44	4.99	0.04	1.1
14	74	76.5	-172.97	0.33	0.67		0.025	4.4327	0.103	74.6	-0.8271	31.849	311.8	23	10.65	0.01	1.53
14	74	76.5	-172.97	0.33	0.67		0.025	4.4327	0.103	74.6	-0.8271	31.849	311.8	20.36	9.36	0.01	1.43
14	74	76.5	-172.97	0.33	0.67		0.025	4.4341	0.073	74.6	-0.8271	31.849	311.8	23	10.65	0.01	1.53
14	74	76.5	-172.97	0.33	0.67		0.025	4.4341	0.073	74.6	-0.8271	31.849	311.8	20.36	9.36	0.01	1.43
14	99	76.5	-172.97	0.15	0.91		0.018	4.4429	0.03	99.9	-1.3139	32.4026	286.4	27.6	12.77	0	1.66
14	99	76.5	-172.97	0.15	0.91		0.018	4.4429	0.03	99.9	-1.3139	32.4026	286.4	27.79	12.82	0	1.66
14	99	76.5	-172.97	0.15	0.91		0.018	4.4415	0.023	99.9	-1.3139	32.4026	286.4	27.6	12.77	0	1.66
14	99	76.5	-172.97	0.15	0.91		0.018	4.4415	0.023	99.9	-1.3139	32.4026	286.4	27.79	12.82	0	1.66
14	149	76.5	-172.97	0.28	1.32		0.006	4.4301	0.02	150.6	-1.5505	32.7927	212.1	51.37	17.56	0	2.16
14	149	76.5	-172.97	0.28	1.32		0.006	4.4301	0.02	150.6	-1.5505	32.7927	212.1	49.7	17.07	0	2.08
14	149	76.5	-172.97	0.28	1.32		0.006	4.4371	0.018	150.6	-1.5505	32.7927	212.1	51.37	17.56	0	2.16
14	149	76.5	-172.97	0.28	1.32		0.006	4.4371	0.018	150.6	-1.5505	32.7927	212.1	49.7	17.07	0	2.08
14	169	76.5	-172.97	0.07	1.18		0.013	4.4154	0.019	170.6	-1.5296	32.9555	230.5	44.12	16.19	0	1.97
14	169	76.5	-172.97	0.07	1.18		0.013	4.4154	0.019	170.6	-1.5296	32.9555	230.5	35.51	15.48	0	1.85
14	169	76.5	-172.97	0.07	1.18		0.013	4.4286	0.017	170.6	-1.5296	32.9555	230.5	44.12	16.19	0	1.97
14	169	76.5	-172.97	0.07	1.18		0.013	4.4286	0.017	170.6	-1.5296	32.9555	230.5	35.51	15.48	0	1.85
14	204	76.5	-172.97	0.14	1.3		0.05	4.4428	0.017	206.1	-1.3951	33.2352	249.8	37.56	16.2	0	1.92
14	204	76.5	-172.97	0.14	1.3		0.05	4.4428	0.017	206.1	-1.3951	33.2352	249.8	34.23	15.68	0	1.78
14	204	76.5	-172.97	0.14	1.3		0.05	4.4445	0.017	206.1	-1.3951	33.2352	249.8	37.56	16.2	0	1.92
14	204	76.5	-172.97	0.14	1.3		0.05	4.4445	0.017	206.1	-1.3951	33.2352	249.8	34.23	15.68	0	1.78
14	225	76.5	-172.97	0.25	1.45		0.049	4.4497	0.017	227.5	-1.2695	33.5626	258	27.19	14.56	0	1.52
14	225	76.5	-172.97	0.25	1.45		0.049	4.4497	0.017	227.5	-1.2695	33.5626	258	28.65	14.77	0	1.58
14	225	76.5	-172.97	0.25	1.45		0.049	4.447	0.016	227.5	-1.2695	33.5626	258	27.19	14.56	0	1.52
14	225	76.5	-172.97	0.25	1.45		0.049	4.447	0.016	227.5	-1.2695	33.5626	258	28.65	14.77	0	1.58
14	274	76.5	-172.97	0.37	1.22		0.012	4.4522	0.014	277	-0.1681	34.4782	251.1	15.05	12.76	0	1.02
14	274	76.5	-172.97	0.37	1.22		0.012	4.4522	0.014	277	-0.1681	34.4782	251.1	14.56	12.72	0	1.02
14	274	76.5	-172.97	0.37	1.22		0.012	4.4514	0.013	277	-0.1681	34.4782	251.1	15.05	12.76	0	1.02
14	274	76.5	-172.97	0.37	1.22		0.012	4.4514	0.013	277	-0.1681	34.4782	251.1	14.56	12.72	0	1.02
14	374	76.5	-172.97	0.32	0.5		0.038	4.4553	0.011	378.1	0.7756	34.8003	279.7	6.45	12.27	0	0.86
14	374	76.5	-172.97	0.32	0.5		0.038	4.4553	0.011	378.1	0.7756	34.8003	279.7	6.35	12.27	0	0.86
14	374	76.5	-172.97	0.32	0.5		0.038	4.4549	0.011	378.1	0.7756	34.8003	279.7	6.45	12.27	0	0.86
14	374	76.5	-172.97	0.32	0.5		0.038	4.4549	0.011	378.1	0.7756	34.8003	279.7	6.35	12.27	0	0.86
14	477	76.5	-172.97	0.38	0.98		0.01	4.4553	0.01	482.9	0.926	34.8458	285	6.15	12.33	0	0.86
14	477	76.5	-172.97	0.38	0.98		0.01	4.4553	0.01	482.9	0.926	34.8458	285	6.15	12.33	0	0.85
14	477	76.5	-172.97	0.38	0.98		0.01	4.4555	0.01	482.9	0.926	34.8458	285	6.15	12.33	0	0.86
14	477	76.5	-172.97	0.38	0.98		0.01	4.4555	0.01	482.9	0.926	34.8458	285	6.15	12.33	0	0.85
14	479	76.5	-172.97	0.2	0.45		0.007	4.4554	0.011	484.4	0.9351	34.8468	284.5	6.06	12.27	0	0.83
14	479	76.5	-172.97	0.2	0.45		0.007	4.4554	0.011	484.4	0.9351	34.8468	284.5	5.96	12.28	0	0.82
14	479	76.5	-172.97	0.2	0.45		0.007	4.4554	0.01	484.4	0.9351	34.8468	284.5	6.06	12.27	0	0.83
14	479	76.5	-172.97	0.2	0.45		0.007	4.4554	0.01	484.4	0.9351	34.8468	284.5	5.96	12.28	0	0.82
14	599	76.5	-172.97	0.09	0.52		0.009	4.4567	0.01	606	0.6619	34.859	288	5.96	12.25	0	0.82
14	599	76.5	-172.97	0.09	0.52		0.009	4.4567	0.01	606	0.6619	34.859	288	5.96	12.25	0	0.84
14	599	76.5	-172.97	0.09	0.52		0.009	4.457	0.01	606	0.6619	34.859	288	5.96	12.25	0	0.82
14	599	76.5	-172.97	0.09	0.52		0.009	4.457	0.01	606	0.6619	34.859	288	5.96	12.25	0	0.84
14	699	76.5	-172.97	0.04	0.41		0.007	4.4567	0.011	707.2	0.45	34.8632	290.8	5.86	12.18	0	0.84
14	699	76.5	-172.97	0.04	0.41		0.007	4.4567	0.011	707.2	0.45	34.8632	290.8	5.96	12.2	0	0.83
14	699	76.5	-172.97	0.04	0.41		0.007	4.4579	0.01	707.2	0.45	34.8632	290.8	5.86	12.18	0	0.84
14	699	76.5	-172.97	0.04	0.41		0.007	4.4579	0.01	707.2	0.45	34.8632	290.8	5.96	12.2	0	0.83
14	799	76.5	-172.97	0.08	0.72		0.007	4.4583	0.011	808.8	0.2481	34.8656	292.6	5.86	12.11	0	0.83
14	799	76.5	-172.97	0.08	0.72		0.007	4.4583	0.011	808.8	0.2481	34.8656	292.6	5.86	12.12	0	0.84
14	1019	76.5	-172.97	0.06	0.87		0.013	4.4591	0.011	1032	-0.0521	34.8764	294.6	6.25	12.25	0	0.86
14	1019	76.5	-172.97	0.06	0.87		0.013	4.4591	0.011	1032	-0.0521	34.8764	294.6	6.25	12.24	0	0.84
14	1199	76.5	-172.97	0.2	0.42		0.02	4.4593	0.011	1215.2	-0.2074	34.8869	294.6	7.04	12.48	0	0.88
14	1199	76.5	-172.97	0.2	0.42		0.02	4.4593	0.011	1215.2	-0.2074	34.8869	294.6	6.84	12.47	0	0.87
14	1399	76.5	-172.97	0	0.67		0.013	4.4594	0.011	1418.5	-0.3304	34.8991	295	7.62	12.93	0	0.9
14	1399	76.5	-172.97	0	0.67		0.013	4.4594	0.011	1418.5	-0.3304	34.8991	295	7.62	13.1	0	0.89
14	1599	76.5	-172.97	0.06	0.67		0.01	4.4598	0.011	1622.1	-0.4148	34.9151	292.6	9.09	13.61	0	0.94
14	1599	76.5	-172.97	0.06	0.67		0.01	4.4598	0.011	1622.1	-0.4148	34.9151	292.6	9.09	13.62	0	0.94
14	1749	76.5	-172.97	0.16	0.85		0.013	4.4604	0.011	1774.8	-0.431	34.9297	288.9	10.75	14.08	0	0.98
14	1749	76.5	-172.97	0.16	0.85		0.013	4.4604	0.011	1774.8	-0.431	34.9297	288.9	10.55	14.11	0	0.99
14	1999	76.5	-172.97	0.07	0.8		0.009	4.4615	0.011	2029.7	-0.4105	34.9462	285.9	12.21	14.51	0	1.01
14	1999	76.5	-172.97	0.07	0.8		0.009	4.4615	0.011	2029.7	-0.4105	34.9462	285.9	12.21	14.48	0	1.01
14	2089	76.5	-172.97	0.11	0.62		0.02	4.4614	0.011	2121.5	-0.3927	34.9503	284	13	14.67	0	1.03
14	2089	76.5	-172.97	0.11	0.62		0.02	4.4614	0.011	2121.5	-0.3927	34.9503	284	13.09	14.71	0	1.03
14	2209	76.5	-172.97	0.21	0.74		0.022	4.4453	0.011	2244.1	-0.373	34.953	282.4	13.87	14.86	0	1.04
14	2209	76.5	-172.97	0.21	0.74		0.022	4.4453	0.011	2244.1	-0.373	34.953	282.4	13.87	14.87	0	1.03
26	18	83.729	-174.399	0.2	0.96	0.035	0.082	4.4516	0.032	18.1	-1.3051	28.4017	385.6	3.34	0.04	0.01	0.67
26	18	83.729	-174.399	0.2	0.96	0.035	0.082	4.4516	0.032	18.1	-1.3051	28.4017	385.6	3.53	0.09	0.01	0.67
26	18	83.729	-174.399	0.2	0.96	0.035	0.082	4.4235	0.066	18.1	-1.3051	28.4017	385.6	3.34	0.04	0.01	0.67
26	18	83.729	-174.399	0.2	0.96	0.035	0.082	4.4235	0.066	18.1	-1.3051	28.4017	385.6	3.53	0.09	0.01	0.67
26	24	83.729	-174.399	0.26		0.013	0.024	4.4492	0.041	24.3	-1.2443	29.0812	388.9	4.61	0.47	0.03	0.72
26	24	83.729	-174.399	0.26		0.013	0.024	4.4492	0.041	24.3	-1.2443	29.0812	388.9	4.61	0.45	0.06	0.72
26	24	83.729	-174.399	0.26		0.013	0.024	4.4451	0.051	24.3	-1.2443	29.0812	388.9	4.61	0.47	0.03	0.72
26	24	83.729	-174.399	0.26		0.013	0.024	4.4451	0.051	24.3	-1.2443	29.0812	388.9	4.61	0.45	0.06	0.72
26	47	83.729	-174.399	0.18	0.55	0.017	0.024	4.4391	0.094	47.4	-1.3673	29.7963	381.8	9.9	2.8	0.07	0.92
26	47	83.729	-174.399	0.18	0.55	0.017	0.024	4.4391	0.094	47.4	-1.3673	29.7963	381.8	9.41	2.51	0.08	0.91
26	47	83.729	-174.399	0.18	0.55	0.017	0.024	4.4365	0.091	47.4	-1.3673	29.7963	381.8	9.9	2.8	0.07	0.92
26	47	83.729	-174.399	0.18	0.55	0.017	0.024	4.4365	0.091	47.4	-1.3673	29.7963	381.8	9.41	2.51	0.08	0.91
26	52	83.729	-174.399	0.24	0.58	0.013	0.008	4.4119	0.173	52.5	-1.3112	30.4657	354	10.29	2.91	0.07	0.95
26	52	83.729	-174.399	0.24	0.58	0.013	0.008	4.4119	0.173	52.5	-1.3112	30.4657	354	15.68	5.14	0.04	1.11
26	52	83.729	-174.399	0.24	0.58	0.013	0.008	4.4149	0.171	52.5	-1.3112	30.4657	354	10.29	2.91	0.07	0.95
26	52	83.729	-174.399	0.24	0.58	0.013	0.008	4.4149	0.171	52.5	-1.3112	30.4657	354	15.68	5.14	0.04	1.11
26	70	83.729	-174.399	0.22	0.5	0.012	0.024	4.4455	0.047	70.5	-1.3032	32.2072	269.9	26.22	11.11	0.01	1.31
26	70	83.729	-174.399	0.22	0.5	0.012	0.024	4.4455	0.047	70.5	-1.3032	32.2072	269.9	30.54	11.16	0.01	1.45
26	70	83.729	-174.399	0.22	0.5	0.012	0.024	4.4441	0.038	70.5	-1.3032	32.2072	269.9	26.22	11.11	0.01	1.31
26	70	83.729	-174.399	0.22	0.5	0.012	0.024	4.4441	0.038	70.5	-1.3032	32.2072	269.9	30.54	11.16	0.01	1.45
26	95	83.729	-174.399	0.41	0.52	0.02	0.008	4.454	0.02	95.7	-1.3712	33.6115	286.3	10.56	8.24	0.01	0.79
26	95	83.729	-174.399	0.41	0.52	0.02	0.008	4.454	0.02	95.7	-1.3712	33.6115	286.3	11.93	8.42	0.01	0.83
26	95	83.729	-174.399	0.41	0.52	0.02	0.008	4.4542	0.021	95.7	-1.3712	33.6115	286.3	10.56	8.24	0.01	0.79
26	95	83.729	-174.399	0.41	0.52	0.02	0.008	4.4542	0.021	95.7	-1.3712	33.6115	286.3	11.93	8.42	0.01	0.83
26	130	83.729	-174.399	0.18	1.18	0.013	0.025	4.4597	0.015	131.1	-1.3137	34.2096	304.1	6.16	7.98	0.01	0.67
26	130	83.729	-174.399	0.18	1.18	0.013	0.025	4.4597	0.015	131.1	-1.3137	34.2096	304.1	6.26	7.92	0.01	0.68
26	130	83.729	-174.399	0.18	1.18	0.013	0.025	4.4557	0.015	131.1	-1.3137	34.2096	304.1	6.16	7.98	0.01	0.67
26	130	83.729	-174.399	0.18	1.18	0.013	0.025	4.4557	0.015	131.1	-1.3137	34.2096	304.1	6.26	7.92	0.01	0.68
26	200	83.729	-174.399	0.05	0.43	0.017	0.055	4.4658	0.013	202.1	0.1008	34.6114	295.8	5.77	10.22	0.01	0.76
26	200	83.729	-174.399	0.05	0.43	0.017	0.055	4.4658	0.013	202.1	0.1008	34.6114	295.8	5.77	10.22	0.01	0.75
26	200	83.729	-174.399	0.05	0.43	0.017	0.055	4.4629	0.012	202.1	0.1008	34.6114	295.8	5.77	10.22	0.01	0.76
26	200	83.729	-174.399	0.05	0.43	0.017	0.055	4.4629	0.012	202.1	0.1008	34.6114	295.8	5.77	10.22	0.01	0.75
26	275	83.729	-174.399	0	0.46	0.041	0.075	4.4695	0.011	278	0.8439	34.8168	293.8	5.37	11.64	0.01	0.81
26	275	83.729	-174.399	0	0.46	0.041	0.075	4.4695	0.011	278	0.8439	34.8168	293.8	5.37	11.65	0	0.8
26	275	83.729	-174.399	0	0.46	0.041	0.075	4.4658	0.01	278	0.8439	34.8168	293.8	5.37	11.64	0.01	0.81
26	275	83.729	-174.399	0	0.46	0.041	0.075	4.4658	0.01	278	0.8439	34.8168	293.8	5.37	11.65	0	0.8
26	350	83.729	-174.399	0.25	0.46	0.064	0.073	4.4667	0.01	353.8	0.9844	34.8529	296.6	5.57	11.87	0.01	0.81
26	350	83.729	-174.399	0.25	0.46	0.064	0.073	4.4667	0.01	353.8	0.9844	34.8529	296.6	5.47	11.86	0.01	0.81
26	350	83.729	-174.399	0.25	0.46	0.064	0.073	4.4651	0.01	353.8	0.9844	34.8529	296.6	5.57	11.87	0.01	0.81
26	350	83.729	-174.399	0.25	0.46	0.064	0.073	4.4651	0.01	353.8	0.9844	34.8529	296.6	5.47	11.86	0.01	0.81
26	425	83.729	-174.399	0.23	0.85	0.039	0.082	4.4665	0.01	429.9	0.9425	34.8725	299	5.47	11.89	0.01	0.82
26	425	83.729	-174.399	0.23	0.85	0.039	0.082	4.4665	0.01	429.9	0.9425	34.8725	299	5.47	11.88	0.01	0.82
26	425	83.729	-174.399	0.23	0.85	0.039	0.082	4.4652	0.01	429.9	0.9425	34.8725	299	5.47	11.89	0.01	0.82
26	425	83.729	-174.399	0.23	0.85	0.039	0.082	4.4652	0.01	429.9	0.9425	34.8725	299	5.47	11.88	0.01	0.82
26	499	83.729	-174.399	0.105	0.49	0.0315	0.0895	4.4659	0.01	505	0.6778	34.8717	301.2	5.67	11.92	0.01	0.81
26	499	83.729	-174.399	0.105	0.49	0.0315	0.0895	4.4659	0.01	505	0.6778	34.8717	301.2	5.67	11.94	0	0.81
26	499	83.729	-174.399	0.105	0.49	0.0315	0.0895	4.4659	0.01	505.1	0.7118	34.8745	299.6	5.66	11.9	0	0.82
26	499	83.729	-174.399	0.105	0.49	0.0315	0.0895	4.4659	0.01	505.1	0.7118	34.8745	299.6	5.66	11.91	0	0.82
26	499	83.729	-174.399	0.105	0.49	0.0315	0.0895	4.4644	0.01	505	0.6778	34.8717	301.2	5.67	11.92	0.01	0.81
26	499	83.729	-174.399	0.105	0.49	0.0315	0.0895	4.4644	0.01	505	0.6778	34.8717	301.2	5.67	11.94	0	0.81
26	499	83.729	-174.399	0.105	0.49	0.0315	0.0895	4.4644	0.01	505.1	0.7118	34.8745	299.6	5.66	11.9	0	0.82
26	499	83.729	-174.399	0.105	0.49	0.0315	0.0895	4.4644	0.01	505.1	0.7118	34.8745	299.6	5.66	11.91	0	0.82
26	749	83.729	-174.399	0.07	0.66	0.045	0.091	4.4667	0.01	758.6	0.1365	34.8774	303.1	5.96	12.04	0	0.83
26	749	83.729	-174.399	0.07	0.66	0.045	0.091	4.4667	0.01	758.6	0.1365	34.8774	303.1	6.05	12.06	0	0.84
26	749	83.729	-174.399	0.07	0.66	0.045	0.091	4.4651	0.01	758.6	0.1365	34.8774	303.1	5.96	12.04	0	0.83
26	749	83.729	-174.399	0.07	0.66	0.045	0.091	4.4651	0.01	758.6	0.1365	34.8774	303.1	6.05	12.06	0	0.84
26	999	83.729	-174.399	0	0.49	0.047	0.09	4.4679	0.01	1012.5	-0.1363	34.8908	305	6.54	12.29	0	0.86
26	999	83.729	-174.399	0	0.49	0.047	0.09	4.4679	0.01	1012.5	-0.1363	34.8908	305	6.54	12.34	0	0.86
26	1249	83.729	-174.399	0.48	0.57	0.026	0.04	4.4689	0.01	1266.3	-0.2998	34.9061	303.8	7.71	12.92	0	0.9
26	1249	83.729	-174.399	0.48	0.57	0.026	0.04	4.4689	0.01	1266.3	-0.2998	34.9061	303.8	7.71	12.94	0	0.89
26	1814	83.729	-174.399	0.08	0.57	0.022	0.045	4.4701	0.01	1841.6	-0.407	34.9427	298.2	11.33	14.13	0	0.99
26	1814	83.729	-174.399	0.08	0.57	0.022	0.045	4.4701	0.01	1841.6	-0.407	34.9427	298.2	11.43	14.14	0	0.98
26	1999	83.729	-174.399	0.08	0.71	0.029	0.049	4.4702	0.01	2030.4	-0.4035	34.948	298.4	12.11	14.27	0	1
26	1999	83.729	-174.399	0.08	0.71	0.029	0.049	4.4702	0.01	2030.4	-0.4035	34.948	298.4	12.11	14.31	0	0.99
26	2249	83.729	-174.399	0.04	0.65	0.034	0.114	4.4701	0.011	2285.6	-0.3896	34.9521	299.2	12.6	14.4	0	1
26	2249	83.729	-174.399	0.04	0.65	0.034	0.114	4.4701	0.011	2285.6	-0.3896	34.9521	299.2	12.6	14.44	0	1.01
26	2539	83.729	-174.399	0.08	0.84	0.023	0.024	4.467	0.01	2582.1	-0.369	34.9539	301.5	12.89	14.45	0	1.01
26	2539	83.729	-174.399	0.08	0.84	0.023	0.024	4.467	0.01	2582.1	-0.369	34.9539	301.5	12.79	14.47	0	1.02
26	2769	83.729	-174.399	0.05	0.8	0.018	0.008	4.4689	0.01	2817.3	-0.3561	34.9548	305.1	12.79	14.41	0	1
26	2769	83.729	-174.399	0.05	0.8	0.018	0.008	4.4689	0.01	2817.3	-0.3561	34.9548	305.1	12.79	14.45	0	1.01
26	2849	83.729	-174.399	0.21	0.75	0.036	0	4.4647	0.01	2899.4	-0.3514	34.9549	306	12.79	14.43	0	1.01
26	2849	83.729	-174.399	0.21	0.75	0.036	0	4.4647	0.01	2899.4	-0.3514	34.9549	306	12.79	14.45	0	1.01
26	2919	83.729	-174.399	0.28	0.83	0.032	0.024	4.4567	0.01	2971.2	-0.3456	34.9548	306.8	12.79	14.44	0	1.01
26	2919	83.729	-174.399	0.28	0.83	0.032	0.024	4.4567	0.01	2971.2	-0.3456	34.9548	306.8	12.79	14.46	0	1.01
30	18	87.64	-179.593	0.26		0.003	0.301	4.4374	0.097	18.3	-1.4333	28.3995	378.6	11.19	0.35	0.09	0.82
30	18	87.64	-179.593	0.26		0.003	0.301	4.4374	0.097	18.3	-1.4333	28.3995	378.6	11.09	0.49	0.1	0.81
30	18	87.64	-179.593	0.26		0.003	0.301	4.4374	0.07	18.3	-1.4333	28.3995	378.6	11.19	0.35	0.09	0.82
30	18	87.64	-179.593	0.26		0.003	0.301	4.4374	0.07	18.3	-1.4333	28.3995	378.6	11.09	0.49	0.1	0.81
30	23	87.64	-179.593	0.23	0.77	0.012	0.105	4.4363	0.093	22.9	-1.3993	28.8573	376.3	11.08	0.8	0.08	0.81
30	23	87.64	-179.593	0.23	0.77	0.012	0.105	4.4363	0.093	22.9	-1.3993	28.8573	376.3	10.99	0.59	0.09	0.81
30	23	87.64	-179.593	0.23	0.77	0.012	0.105	4.4289	0.062	22.9	-1.3993	28.8573	376.3	11.08	0.8	0.08	0.81
30	23	87.64	-179.593	0.23	0.77	0.012	0.105	4.4289	0.062	22.9	-1.3993	28.8573	376.3	10.99	0.59	0.09	0.81
30	39	87.64	-179.593	0.23	0.9	0.005	0.081	4.4444	0.063	39.2	-0.9418	29.9886	339.2	11.28	0.33	0.09	0.82
30	39	87.64	-179.593	0.23	0.9	0.005	0.081	4.4444	0.063	39.2	-0.9418	29.9886	339.2	11.28	0.21	0.09	0.8
30	39	87.64	-179.593	0.23	0.9	0.005	0.081	4.4412	0.055	39.2	-0.9418	29.9886	339.2	11.28	0.33	0.09	0.82
30	39	87.64	-179.593	0.23	0.9	0.005	0.081	4.4412	0.055	39.2	-0.9418	29.9886	339.2	11.28	0.21	0.09	0.8
30	55	87.64	-179.593	0.1	1.21	0.008	0.042	4.4506	0.031	55.6	-0.3812	31.1428	322.5	10.77	3.24	0	0.66
30	55	87.64	-179.593	0.1	1.21	0.008	0.042	4.4506	0.031	55.6	-0.3812	31.1428	322.5	10.67	3.38	0	0.67
30	55	87.64	-179.593	0.1	1.21	0.008	0.042	4.4479	0.031	55.6	-0.3812	31.1428	322.5	10.77	3.24	0	0.66
30	55	87.64	-179.593	0.1	1.21	0.008	0.042	4.4479	0.031	55.6	-0.3812	31.1428	322.5	10.67	3.38	0	0.67
30	99	87.64	-179.593	0.09	0.54	0.01	0.11	4.4572	0.019	100.1	-1.4353	33.9542	300.9	6.94	7.75	0	0.68
30	99	87.64	-179.593	0.09	0.54	0.01	0.11	4.4572	0.019	100.1	-1.4353	33.9542	300.9	7.43	7.76	0	0.69
30	99	87.64	-179.593	0.09	0.54	0.01	0.11	4.4561	0.018	100.1	-1.4353	33.9542	300.9	6.94	7.75	0	0.68
30	99	87.64	-179.593	0.09	0.54	0.01	0.11	4.4561	0.018	100.1	-1.4353	33.9542	300.9	7.43	7.76	0	0.69
30	124	87.64	-179.593	0.26	0.55	0.033	0.156	4.4628	0.015	125.1	-1.0845	34.2448	301.9	5.37	8.33	0	0.67
30	124	87.64	-179.593	0.26	0.55	0.033	0.156	4.4628	0.015	125.1	-1.0845	34.2448	301.9	5.37	8.43	0	0.67
30	124	87.64	-179.593	0.26	0.55	0.033	0.156	4.4609	0.015	125.1	-1.0845	34.2448	301.9	5.37	8.33	0	0.67
30	124	87.64	-179.593	0.26	0.55	0.033	0.156	4.4609	0.015	125.1	-1.0845	34.2448	301.9	5.37	8.43	0	0.67
30	174	87.64	-179.593	0.26	0.57	0.014	0.041	4.4663	0.015	176.1	-0.0007	34.5455	295	5.67	10.19	0	0.75
30	174	87.64	-179.593	0.26	0.57	0.014	0.041	4.4663	0.015	176.1	-0.0007	34.5455	295	5.67	10.39	0	0.76
30	174	87.64	-179.593	0.26	0.57	0.014	0.041	4.464	0.014	176.1	-0.0007	34.5455	295	5.67	10.19	0	0.75
30	174	87.64	-179.593	0.26	0.57	0.014	0.041	4.464	0.014	176.1	-0.0007	34.5455	295	5.67	10.39	0	0.76
30	224	87.64	-179.593	0.2	0.67	0.024	0.021	4.4672	0.012	226.5	0.7018	34.7885	290.7	5.86	11.84	0	0.82
30	224	87.64	-179.593	0.2	0.67	0.024	0.021	4.4672	0.012	226.5	0.7018	34.7885	290.7	5.86	11.85	0	0.81
30	224	87.64	-179.593	0.2	0.67	0.024	0.021	4.4673	0.012	226.5	0.7018	34.7885	290.7	5.86	11.84	0	0.82
30	224	87.64	-179.593	0.2	0.67	0.024	0.021	4.4673	0.012	226.5	0.7018	34.7885	290.7	5.86	11.85	0	0.81
30	224	87.64	-179.593	0.2	0.67	0.024	0.021	4.4656	0.011	226.5	0.7018	34.7885	290.7	5.86	11.84	0	0.82
30	224	87.64	-179.593	0.2	0.67	0.024	0.021	4.4656	0.011	226.5	0.7018	34.7885	290.7	5.86	11.85	0	0.81
30	224	87.64	-179.593	0.2	0.67	0.024	0.021	4.4658	0.012	226.5	0.7018	34.7885	290.7	5.86	11.84	0	0.82
30	224	87.64	-179.593	0.2	0.67	0.024	0.021	4.4658	0.012	226.5	0.7018	34.7885	290.7	5.86	11.85	0	0.81
30	259	87.64	-179.593	0.14	0.68	0.029	0.069	4.4674	0.011	261.9	0.7885	34.8116	292	5.76	11.93	0	0.81
30	259	87.64	-179.593	0.14	0.68	0.029	0.069	4.4674	0.011	261.9	0.7885	34.8116	292	5.86	11.94	0	0.82
30	259	87.64	-179.593	0.14	0.68	0.029	0.069	4.4661	0.011	261.9	0.7885	34.8116	292	5.76	11.93	0	0.81
30	259	87.64	-179.593	0.14	0.68	0.029	0.069	4.4661	0.011	261.9	0.7885	34.8116	292	5.86	11.94	0	0.82
30	374	87.64	-179.593	0.14	0.54	0.014	0.064	4.4666	0.01	378.3	0.9249	34.868	296.6	5.86	12.21	0	0.83
30	374	87.64	-179.593	0.14	0.54	0.014	0.064	4.4666	0.01	378.3	0.9249	34.868	296.6	5.96	12.23	0	0.85
30	374	87.64	-179.593	0.14	0.54	0.014	0.064	4.4653	0.01	378.3	0.9249	34.868	296.6	5.86	12.21	0	0.83
30	374	87.64	-179.593	0.14	0.54	0.014	0.064	4.4653	0.01	378.3	0.9249	34.868	296.6	5.96	12.23	0	0.85
30	499	87.64	-179.593	0.085	0.51	0.028	0.086	4.4664	0.01	504.9	0.5672	34.8697	297.7	6.15	12.39	0	0.85
30	499	87.64	-179.593	0.085	0.51	0.028	0.086	4.4664	0.01	504.9	0.5672	34.8697	297.7	6.15	12.37	0	0.86
30	499	87.64	-179.593	0.085	0.51	0.028	0.086	4.4664	0.01	505.2	0.5735	34.8684	296.5	6.15	12.22	0	0.83
30	499	87.64	-179.593	0.085	0.51	0.028	0.086	4.4664	0.01	505.2	0.5735	34.8684	296.5	6.15	12.26	0	0.83
30	499	87.64	-179.593	0.085	0.51	0.028	0.086	4.4653	0.01	504.9	0.5672	34.8697	297.7	6.15	12.39	0	0.85
30	499	87.64	-179.593	0.085	0.51	0.028	0.086	4.4653	0.01	504.9	0.5672	34.8697	297.7	6.15	12.37	0	0.86
30	499	87.64	-179.593	0.085	0.51	0.028	0.086	4.4653	0.01	505.2	0.5735	34.8684	296.5	6.15	12.22	0	0.83
30	499	87.64	-179.593	0.085	0.51	0.028	0.086	4.4653	0.01	505.2	0.5735	34.8684	296.5	6.15	12.26	0	0.83
30	799	87.64	-179.593	0.04	0.74	0.026	0.032	4.4677	0.01	809.4	0.0067	34.8766	300.5	6.45	12.3	0	0.84
30	799	87.64	-179.593	0.04	0.74	0.026	0.032	4.4677	0.01	809.4	0.0067	34.8766	300.5	6.35	12.34	0	0.85
30	799	87.64	-179.593	0.04	0.74	0.026	0.032	4.4669	0.01	809.4	0.0067	34.8766	300.5	6.45	12.3	0	0.84
30	799	87.64	-179.593	0.04	0.74	0.026	0.032	4.4669	0.01	809.4	0.0067	34.8766	300.5	6.35	12.34	0	0.85
30	999	87.64	-179.593	0.04	0.41	0.013	0.102	4.4689	0.01	1012.5	-0.1695	34.8894	301.5	6.84	12.53	0	0.87
30	999	87.64	-179.593	0.04	0.41	0.013	0.102	4.4689	0.01	1012.5	-0.1695	34.8894	301.5	6.84	12.57	0	0.87
30	999	87.64	-179.593	0.04	0.41	0.013	0.102	4.4678	0.01	1012.5	-0.1695	34.8894	301.5	6.84	12.53	0	0.87
30	999	87.64	-179.593	0.04	0.41	0.013	0.102	4.4678	0.01	1012.5	-0.1695	34.8894	301.5	6.84	12.57	0	0.87
30	1399	87.64	-179.593	0	0.35	0.051	0.02	4.4701	0.01	1419	-0.3467	34.9204	299.6	8.79	13.45	0	0.94
30	1399	87.64	-179.593	0	0.35	0.051	0.02	4.4701	0.01	1419	-0.3467	34.9204	299.6	8.79	13.46	0	0.93
30	1399	87.64	-179.593	0	0.35	0.051	0.02	4.4695	0.01	1419	-0.3467	34.9204	299.6	8.79	13.45	0	0.94
30	1399	87.64	-179.593	0	0.35	0.051	0.02	4.4695	0.01	1419	-0.3467	34.9204	299.6	8.79	13.46	0	0.93
30	1899	87.64	-179.593	0.05	0.4	0.011	0.01	4.4711	0.01	1928.5	-0.4058	34.9463	295.9	11.62	14.2	0	1
30	1899	87.64	-179.593	0.05	0.4	0.011	0.01	4.4711	0.01	1928.5	-0.4058	34.9463	295.9	11.62	14.2	0	0.98
30	1899	87.64	-179.593	0.05	0.4	0.011	0.01	4.4701	0.01	1928.5	-0.4058	34.9463	295.9	11.62	14.2	0	1
30	1899	87.64	-179.593	0.05	0.4	0.011	0.01	4.4701	0.01	1928.5	-0.4058	34.9463	295.9	11.62	14.2	0	0.98
30	2399	87.64	-179.593			0.03	0.021	4.4711	0.01	2438.9	-0.3863	34.9531	297.7	12.5	14.4	0	1.01
30	2399	87.64	-179.593			0.03	0.021	4.4711	0.01	2438.9	-0.3863	34.9531	297.7	12.5	14.42	0	1.01
30	2899	87.64	-179.593		1.18	0.062	0.098	4.4713	0.011	2950.7	-0.3552	34.9544	303.6	12.5	14.5	0	1
30	2899	87.64	-179.593		1.18	0.062	0.098	4.4713	0.011	2950.7	-0.3552	34.9544	303.6	12.5	14.42	0	1
30	3399	87.64	-179.593		0.49	0.044	0.123	4.4701	0.01	3464	-0.3147	34.9542	311.1	12.21	14.4	0	1
30	3399	87.64	-179.593		0.49	0.044	0.123	4.4701	0.01	3464	-0.3147	34.9542	311.1	12.21	14.41	0	1.01
30	3791	87.64	-179.593		0.53	0.048	0.112	4.4701	0.01	3866.7	-0.2753	34.9541	316.6	12.21	14.42	0	1
30	3791	87.64	-179.593		0.53	0.048	0.112	4.4701	0.01	3866.7	-0.2753	34.9541	316.6	12.21	14.4	0	1
30	3867	87.64	-179.593		0.55	0.01	0.029	4.47	0.01	3945.2	-0.2676	34.954	317.8	12.21	14.38	0	1.01
30	3867	87.64	-179.593		0.55	0.01	0.029	4.47	0.01	3945.2	-0.2676	34.954	317.8	12.21	14.41	0	1.01
30	3917	87.64	-179.593		0.48	0.029	0.011	4.4676	0.01	3996.6	-0.2624	34.954	319.2	12.21	14.42	0	1
30	3917	87.64	-179.593		0.48	0.029	0.011	4.4676	0.01	3996.6	-0.2624	34.954	319.2	12.21	14.43	0	1.01
32	19	89.995	11.91	0.16	1.13	0.013	0.035	4.427	0.096	19.2	-1.5947	31.4114	341.7	9.4	2.54	0.03	0.57
32	19	89.995	11.91	0.16	1.13	0.013	0.035	4.427	0.096	19.2	-1.5947	31.4114	341.7	9.6	2.55	0.02	0.56
32	19	89.995	11.91	0.16	1.13	0.013	0.035	4.417	0.07	19.2	-1.5947	31.4114	341.7	9.4	2.54	0.03	0.57
32	19	89.995	11.91	0.16	1.13	0.013	0.035	4.417	0.07	19.2	-1.5947	31.4114	341.7	9.6	2.55	0.02	0.56
32	39	89.995	11.91	0	0.7	0.003	0.03	4.447	0.044	39.3	-1.7514	32.6726	350.2	4.7	2.3	0.01	0.38
32	39	89.995	11.91	0	0.7	0.003	0.03	4.447	0.044	39.3	-1.7514	32.6726	350.2	4.79	2.33	0.01	0.38
32	39	89.995	11.91	0	0.7	0.003	0.03	4.439	0.041	39.3	-1.7514	32.6726	350.2	4.7	2.3	0.01	0.38
32	39	89.995	11.91	0	0.7	0.003	0.03	4.439	0.041	39.3	-1.7514	32.6726	350.2	4.79	2.33	0.01	0.38
32	59	89.995	11.91	0.27	0.97	0.004	0.034	4.4543	0.028	59.8	-1.793	33.0834	355.7	3.42	2.15	0.01	0.33
32	59	89.995	11.91	0.27	0.97	0.004	0.034	4.4543	0.028	59.8	-1.793	33.0834	355.7	3.33	2.06	0.01	0.32
32	59	89.995	11.91	0.27	0.97	0.004	0.034	4.4451	0.035	59.8	-1.793	33.0834	355.7	3.42	2.15	0.01	0.33
32	59	89.995	11.91	0.27	0.97	0.004	0.034	4.4451	0.035	59.8	-1.793	33.0834	355.7	3.33	2.06	0.01	0.32
32	79	89.995	11.91	0.1	0.96	0.015	0.013	4.4574	0.023	79.9	-1.7812	33.3352	350.2	3.23	2.57	0.01	0.34
32	79	89.995	11.91	0.1	0.96	0.015	0.013	4.4574	0.023	79.9	-1.7812	33.3352	350.2	3.33	2.53	0	0.34
32	79	89.995	11.91	0.1	0.96	0.015	0.013	4.4449	0.039	79.9	-1.7812	33.3352	350.2	3.23	2.57	0.01	0.34
32	79	89.995	11.91	0.1	0.96	0.015	0.013	4.4449	0.039	79.9	-1.7812	33.3352	350.2	3.33	2.53	0	0.34
32	99	89.995	11.91	0.19	0.74	0.059	0.054	4.4599	0.02	99.9	-1.7248	33.5607	336.3	3.91	4.06	0	0.42
32	99	89.995	11.91	0.19	0.74	0.059	0.054	4.4599	0.02	99.9	-1.7248	33.5607	336.3	3.81	3.94	0	0.42
32	99	89.995	11.91	0.19	0.74	0.059	0.054	4.4521	0.019	99.9	-1.7248	33.5607	336.3	3.91	4.06	0	0.42
32	99	89.995	11.91	0.19	0.74	0.059	0.054	4.4521	0.019	99.9	-1.7248	33.5607	336.3	3.81	3.94	0	0.42
32	124	89.995	11.91	0.08	0.62	0.029	0.027	4.4618	0.017	125.3	-1.5182	34.1083	308.8	3.71	6.72	0	0.55
32	124	89.995	11.91	0.08	0.62	0.029	0.027	4.4618	0.017	125.3	-1.5182	34.1083	308.8	3.81	6.7	0	0.55
32	124	89.995	11.91	0.08	0.62	0.029	0.027	4.4546	0.016	125.3	-1.5182	34.1083	308.8	3.71	6.72	0	0.55
32	124	89.995	11.91	0.08	0.62	0.029	0.027	4.4546	0.016	125.3	-1.5182	34.1083	308.8	3.81	6.7	0	0.55
32	149	89.995	11.91	0	0.83	0.041	0.078	4.4639	0.015	150.6	-0.9451	34.3499	299.1	4.59	8.51	0	0.64
32	149	89.995	11.91	0	0.83	0.041	0.078	4.4639	0.015	150.6	-0.9451	34.3499	299.1	4.59	8.52	0	0.64
32	149	89.995	11.91	0	0.83	0.041	0.078	4.4563	0.014	150.6	-0.9451	34.3499	299.1	4.59	8.51	0	0.64
32	149	89.995	11.91	0	0.83	0.041	0.078	4.4563	0.014	150.6	-0.9451	34.3499	299.1	4.59	8.52	0	0.64
32	199	89.995	11.91	0	1.06	0.041	0.015	4.4659	0.013	201.2	0.0348	34.594	294.8	4.3	9.67	0	0.68
32	199	89.995	11.91	0	1.06	0.041	0.015	4.4659	0.013	201.2	0.0348	34.594	294.8	4.3	9.74	0	0.68
32	199	89.995	11.91	0	1.06	0.041	0.015	4.4591	0.013	201.2	0.0348	34.594	294.8	4.3	9.67	0	0.68
32	199	89.995	11.91	0	1.06	0.041	0.015	4.4591	0.013	201.2	0.0348	34.594	294.8	4.3	9.74	0	0.68
32	274	89.995	11.91	0		0.06	0.037	4.4676	0.01	277	1.0716	34.8299	287	4.79	11.65	0	0.77
32	274	89.995	11.91	0		0.06	0.037	4.4676	0.01	277	1.0716	34.8299	287	4.79	11.66	0	0.78
32	274	89.995	11.91	0		0.06	0.037	4.4611	0.01	277	1.0716	34.8299	287	4.79	11.65	0	0.77
32	274	89.995	11.91	0		0.06	0.037	4.4611	0.01	277	1.0716	34.8299	287	4.79	11.66	0	0.78
32	349	89.995	11.91	0.06	1.02	0.034	0.052	4.4666	0.01	352.9	1.2222	34.8735	288.8	4.98	11.89	0	0.79
32	349	89.995	11.91	0.06	1.02	0.034	0.052	4.4666	0.01	352.9	1.2222	34.8735	288.8	4.88	11.9	0	0.78
32	349	89.995	11.91	0.06	1.02	0.034	0.052	4.4602	0.01	352.9	1.2222	34.8735	288.8	4.98	11.89	0	0.79
32	349	89.995	11.91	0.06	1.02	0.034	0.052	4.4602	0.01	352.9	1.2222	34.8735	288.8	4.88	11.9	0	0.78
32	424	89.995	11.91	0.07	0.72	0.075	0.066	4.4676	0.01	428.8	1.0554	34.8867	291.3	5.18	12.05	0	0.8
32	424	89.995	11.91	0.07	0.72	0.075	0.066	4.4676	0.01	428.8	1.0554	34.8867	291.3	5.18	12.04	0	0.79
32	424	89.995	11.91	0.07	0.72	0.075	0.066	4.4611	0.011	428.8	1.0554	34.8867	291.3	5.18	12.05	0	0.8
32	424	89.995	11.91	0.07	0.72	0.075	0.066	4.4611	0.011	428.8	1.0554	34.8867	291.3	5.18	12.04	0	0.79
32	499	89.995	11.91	0.08	0.51	0.02	0.0345	4.4664	0.01	504.8	0.8424	34.8919	293.6	5.28	11.96	0	0.8
32	499	89.995	11.91	0.08	0.51	0.02	0.0345	4.4664	0.01	504.8	0.8424	34.8919	293.6	5.28	11.99	0	0.8
32	499	89.995	11.91	0.08	0.51	0.02	0.0345	4.4664	0.01	505.1	0.8532	34.8927	290.6	5.37	11.86	0	0.8
32	499	89.995	11.91	0.08	0.51	0.02	0.0345	4.4664	0.01	505.1	0.8532	34.8927	290.6	5.37	11.95	0	0.81
32	499	89.995	11.91	0.08	0.51	0.02	0.0345	4.46	0.01	504.8	0.8424	34.8919	293.6	5.28	11.96	0	0.8
32	499	89.995	11.91	0.08	0.51	0.02	0.0345	4.46	0.01	504.8	0.8424	34.8919	293.6	5.28	11.99	0	0.8
32	499	89.995	11.91	0.08	0.51	0.02	0.0345	4.46	0.01	505.1	0.8532	34.8927	290.6	5.37	11.86	0	0.8
32	499	89.995	11.91	0.08	0.51	0.02	0.0345	4.46	0.01	505.1	0.8532	34.8927	290.6	5.37	11.95	0	0.81
32	749	89.995	11.91	0	0.28	0.048	0.012	4.4655	0.01	758.6	0.189	34.893	293.2	5.76	11.92	0	0.81
32	749	89.995	11.91	0	0.28	0.048	0.012	4.4655	0.01	758.6	0.189	34.893	293.2	5.66	11.95	0	0.82
32	749	89.995	11.91	0	0.28	0.048	0.012	4.4615	0.01	758.6	0.189	34.893	293.2	5.76	11.92	0	0.81
32	749	89.995	11.91	0	0.28	0.048	0.012	4.4615	0.01	758.6	0.189	34.893	293.2	5.66	11.95	0	0.82
32	999	89.995	11.91	0.05	0.41	0.043	0.014	4.4614	0.011	1012.3	-0.0887	34.9063	292.9	6.35	12.2	0	0.84
32	999	89.995	11.91	0.05	0.41	0.043	0.014	4.4614	0.011	1012.3	-0.0887	34.9063	292.9	6.35	12.23	0	0.84
32	1299	89.995	11.91	0.16	0.25	0.023	0.06	4.4615	0.011	1317.2	-0.3294	34.9142	292	7.72	12.99	0	0.89
32	1299	89.995	11.91	0.16	0.25	0.023	0.06	4.4615	0.011	1317.2	-0.3294	34.9142	292	7.72	12.99	0	0.89
32	1599	89.995	11.91	0	0.31	0.028	0.013	4.4628	0.01	1622.7	-0.5317	34.9164	290.6	9.08	13.65	0	0.93
32	1599	89.995	11.91	0	0.31	0.028	0.013	4.4628	0.01	1622.7	-0.5317	34.9164	290.6	9.18	13.75	0	0.94
32	1899	89.995	11.91	0	0.66	0.029	0.044	4.4627	0.01	1928.3	-0.5693	34.9255	287.4	10.65	14.23	0	0.96
32	1899	89.995	11.91	0	0.66	0.029	0.044	4.4627	0.01	1928.3	-0.5693	34.9255	287.4	10.55	14.2	0	0.97
32	2349	89.995	11.91	0	0.28	0.02	0.027	4.463	0.01	2387.9	-0.7175	34.9224	292.6	10.65	14.38	0	0.98
32	2349	89.995	11.91	0	0.28	0.02	0.027	4.463	0.01	2387.9	-0.7175	34.9224	292.6	10.65	14.41	0	0.98
32	2799	89.995	11.91	0.15	0.66	0.039	0.03	4.4643	0.01	2848.4	-0.7435	34.9275	296	10.74	14.47	0	0.98
32	2799	89.995	11.91	0.15	0.66	0.039	0.03	4.4643	0.01	2848.4	-0.7435	34.9275	296	10.84	14.46	0	0.98
32	3224	89.995	11.91	0.11	0.71	0.038	0.034	4.4634	0.01	3284.4	-0.7324	34.9337	299.6	11.13	14.5	0	0.98
32	3224	89.995	11.91	0.11	0.71	0.038	0.034	4.4634	0.01	3284.4	-0.7324	34.9337	299.6	11.04	14.49	0	0.98
32	3659	89.995	11.91	0.09	0.41	0.018	0.006	4.4641	0.011	3731.1	-0.7036	34.9385	303.7	11.04	14.44	0	0.99
32	3659	89.995	11.91	0.09	0.41	0.018	0.006	4.4641	0.011	3731.1	-0.7036	34.9385	303.7	11.04	14.45	0	0.99
32	4159	89.995	11.91	0.15	0.5	0.027	0.034	4.4642	0.011	4246	-0.6491	34.9413	309.7	11.23	14.35	0	0.99
32	4159	89.995	11.91	0.15	0.5	0.027	0.034	4.4642	0.011	4246	-0.6491	34.9413	309.7	11.13	14.38	0	0.99
32	4199	89.995	11.91	0.18	0.5	0.07	0.013	4.4623	0.011	4287.3	-0.6449	34.9411	310.7	11.13	14.39	0	0.98
32	4199	89.995	11.91	0.18	0.5	0.07	0.013	4.4623	0.011	4287.3	-0.6449	34.9411	310.7	11.13	14.4	0	0.99
38	19	87.825	-148.874	0.33	1.42	0.002	0	4.4394	0.055	19.3	-1.4549	28.5881	365.6	13.15	0.75	0.06	0.74
38	19	87.825	-148.874	0.33	1.42	0.002	0	4.4394	0.055	19.3	-1.4549	28.5881	365.6	13.15	0.57	0.07	0.73
38	19	87.825	-148.874	0.33	1.42	0.002	0	4.4379	0.074	19.3	-1.4549	28.5881	365.6	13.15	0.75	0.06	0.74
38	19	87.825	-148.874	0.33	1.42	0.002	0	4.4379	0.074	19.3	-1.4549	28.5881	365.6	13.15	0.57	0.07	0.73
38	44	87.825	-148.874	0.04	1.28	0.014	0	4.4468	0.036	44.4	-1.5935	30.4279	345.8	12.15	2.88	0.01	0.77
38	44	87.825	-148.874	0.04	1.28	0.014	0	4.4468	0.036	44.4	-1.5935	30.4279	345.8	12.05	2.56	0.01	0.77
38	44	87.825	-148.874	0.04	1.28	0.014	0	4.4483	0.038	44.4	-1.5935	30.4279	345.8	12.15	2.88	0.01	0.77
38	44	87.825	-148.874	0.04	1.28	0.014	0	4.4483	0.038	44.4	-1.5935	30.4279	345.8	12.05	2.56	0.01	0.77
38	62	87.825	-148.874	0.09	1.16	0.018	0.017	4.4521	0.023	62.6	-1.6084	32.0934	322.6	14.78	6.46	0	0.95
38	62	87.825	-148.874	0.09	1.16	0.018	0.017	4.4521	0.023	62.6	-1.6084	32.0934	322.6	12.43	5.47	0	0.85
38	62	87.825	-148.874	0.09	1.16	0.018	0.017	4.4517	0.021	62.6	-1.6084	32.0934	322.6	14.78	6.46	0	0.95
38	62	87.825	-148.874	0.09	1.16	0.018	0.017	4.4517	0.021	62.6	-1.6084	32.0934	322.6	12.43	5.47	0	0.85
38	82	87.825	-148.874	0.07	0.97	0.034	0.048	4.4501	0.021	82.8	-1.4952	32.966	265.5	21.13	10.13	0	1.17
38	82	87.825	-148.874	0.07	0.97	0.034	0.048	4.4501	0.021	82.8	-1.4952	32.966	265.5	18.09	9.48	0	1.06
38	82	87.825	-148.874	0.07	0.97	0.034	0.048	4.4539	0.019	82.8	-1.4952	32.966	265.5	21.13	10.13	0	1.17
38	82	87.825	-148.874	0.07	0.97	0.034	0.048	4.4539	0.019	82.8	-1.4952	32.966	265.5	18.09	9.48	0	1.06
38	99	87.825	-148.874	0.15	1.48	0.002	0.028	4.4549	0.018	100.2	-1.4619	33.6978	285.1	13.2	0.85	0.05	0.76
38	99	87.825	-148.874	0.15	1.48	0.002	0.028	4.4549	0.018	100.2	-1.4619	33.6978	285.1	13.2	0.6	0.07	0.75
38	99	87.825	-148.874	0.15	1.48	0.002	0.028	4.4557	0.018	100.2	-1.4619	33.6978	285.1	13.2	0.85	0.05	0.76
38	99	87.825	-148.874	0.15	1.48	0.002	0.028	4.4557	0.018	100.2	-1.4619	33.6978	285.1	13.2	0.6	0.07	0.75
38	124	87.825	-148.874	0.18	0.43	0.045	0.023	4.4567	0.016	125.1	-1.3376	34.1522	293.9	6.35	7.79	0	0.67
38	124	87.825	-148.874	0.18	0.43	0.045	0.023	4.4567	0.016	125.1	-1.3376	34.1522	293.9	6.65	7.78	0	0.68
38	124	87.825	-148.874	0.18	0.43	0.045	0.023	4.4602	0.015	125.1	-1.3376	34.1522	293.9	6.35	7.79	0	0.67
38	124	87.825	-148.874	0.18	0.43	0.045	0.023	4.4602	0.015	125.1	-1.3376	34.1522	293.9	6.65	7.78	0	0.68
38	149	87.825	-148.874	0.06	1.42	0.018	0.021	4.4604	0.014	150.6	-0.8505	34.3354	291.1	5.77	8.68	0	0.69
38	149	87.825	-148.874	0.06	1.42	0.018	0.021	4.4604	0.014	150.6	-0.8505	34.3354	291.1	5.77	8.66	0	0.7
38	149	87.825	-148.874	0.06	1.42	0.018	0.021	4.4641	0.015	150.6	-0.8505	34.3354	291.1	5.77	8.68	0	0.69
38	149	87.825	-148.874	0.06	1.42	0.018	0.021	4.4641	0.015	150.6	-0.8505	34.3354	291.1	5.77	8.66	0	0.7
38	199	87.825	-148.874	0.08	1.04	0.057	0.024	4.465	0.014	201.2	0.1405	34.6055	285.9	5.67	10.34	0	0.75
38	199	87.825	-148.874	0.08	1.04	0.057	0.024	4.465	0.014	201.2	0.1405	34.6055	285.9	5.76	10.43	0	0.77
38	199	87.825	-148.874	0.08	1.04	0.057	0.024	4.4671	0.013	201.2	0.1405	34.6055	285.9	5.67	10.34	0	0.75
38	199	87.825	-148.874	0.08	1.04	0.057	0.024	4.4671	0.013	201.2	0.1405	34.6055	285.9	5.76	10.43	0	0.77
38	279	87.825	-148.874		0.77	0.009	0.04	4.4658	0.011	282.3	0.8209	34.8128	284.5	5.67	11.66	0	0.81
38	279	87.825	-148.874		0.77	0.009	0.04	4.4658	0.011	282.3	0.8209	34.8128	284.5	5.67	11.68	0	0.81
38	279	87.825	-148.874		0.77	0.009	0.04	4.4679	0.011	282.3	0.8209	34.8128	284.5	5.67	11.66	0	0.81
38	279	87.825	-148.874		0.77	0.009	0.04	4.4679	0.011	282.3	0.8209	34.8128	284.5	5.67	11.68	0	0.81
38	379	87.825	-148.874	0.05	0.76	0.047	0.04	4.4663	0.01	383.5	0.9346	34.8605	288	5.86	11.98	0	0.84
38	379	87.825	-148.874	0.05	0.76	0.047	0.04	4.4663	0.01	383.5	0.9346	34.8605	288	5.76	11.99	0	0.83
38	379	87.825	-148.874	0.05	0.76	0.047	0.04	4.4674	0.01	383.5	0.9346	34.8605	288	5.86	11.98	0	0.84
38	379	87.825	-148.874	0.05	0.76	0.047	0.04	4.4674	0.01	383.5	0.9346	34.8605	288	5.76	11.99	0	0.83
38	439	87.825	-148.874	0.21		0.013	0	4.4663	0.01	444.4	0.7756	34.8652	288.5	5.86	12.08	0	0.84
38	439	87.825	-148.874	0.21		0.013	0	4.4663	0.01	444.4	0.7756	34.8652	288.5	5.86	12.06	0	0.85
38	439	87.825	-148.874	0.21		0.013	0	4.4676	0.01	444.4	0.7756	34.8652	288.5	5.86	12.08	0	0.84
38	439	87.825	-148.874	0.21		0.013	0	4.4676	0.01	444.4	0.7756	34.8652	288.5	5.86	12.06	0	0.85
38	499	87.825	-148.874	0.295	0.875	0.034	0.0575	4.4664	0.01	504.9	0.6131	34.8672	290.1	5.86	12.02	0	0.83
38	499	87.825	-148.874	0.295	0.875	0.034	0.0575	4.4664	0.01	504.9	0.6131	34.8672	290.1	5.96	12.03	0	0.83
38	499	87.825	-148.874	0.295	0.875	0.034	0.0575	4.4664	0.01	505.1	0.6117	34.8656	288.5	6.15	11.99	0	0.84
38	499	87.825	-148.874	0.295	0.875	0.034	0.0575	4.4664	0.01	505.1	0.6117	34.8656	288.5	6.06	12.05	0	0.82
38	499	87.825	-148.874	0.295	0.875	0.034	0.0575	4.4675	0.01	504.9	0.6131	34.8672	290.1	5.86	12.02	0	0.83
38	499	87.825	-148.874	0.295	0.875	0.034	0.0575	4.4675	0.01	504.9	0.6131	34.8672	290.1	5.96	12.03	0	0.83
38	499	87.825	-148.874	0.295	0.875	0.034	0.0575	4.4675	0.01	505.1	0.6117	34.8656	288.5	6.15	11.99	0	0.84
38	499	87.825	-148.874	0.295	0.875	0.034	0.0575	4.4675	0.01	505.1	0.6117	34.8656	288.5	6.06	12.05	0	0.82
38	799	87.825	-148.874	0	0.57	0.012	0.036	4.4694	0.01	809.5	0.0367	34.8733	290.6	6.45	12.24	-0.01	0.85
38	799	87.825	-148.874	0	0.57	0.012	0.036	4.4694	0.01	809.5	0.0367	34.8733	290.6	6.45	12.23	0	0.84
38	1224	87.825	-148.874	0	0.71	0.036	0.036	4.4713	0.01	1241.1	-0.2876	34.9032	291	7.91	12.89	-0.01	0.9
38	1224	87.825	-148.874	0	0.71	0.036	0.036	4.4713	0.01	1241.1	-0.2876	34.9032	291	7.91	12.92	-0.01	0.9
38	1674	87.825	-148.874	0	0.54	0.005	0.037	4.4725	0.01	1699.1	-0.3975	34.9359	286.4	10.65	13.87	-0.01	0.98
38	1674	87.825	-148.874	0	0.54	0.005	0.037	4.4725	0.01	1699.1	-0.3975	34.9359	286.4	10.75	13.88	-0.01	0.98
38	2149	87.825	-148.874	0	0.66	0.021	0.024	4.4737	0.01	2183.6	-0.4003	34.9493	285.3	12.41	14.27	-0.01	1
38	2149	87.825	-148.874	0	0.66	0.021	0.024	4.4737	0.01	2183.6	-0.4003	34.9493	285.3	12.5	14.28	-0.01	1
38	2549	87.825	-148.874	0.11	0.54	0.03	0.005	4.4683	0.01	2592.6	-0.3669	34.9516	288.1	12.89	14.5	0	1.01
38	2549	87.825	-148.874	0.11	0.54	0.03	0.005	4.4683	0.01	2592.6	-0.3669	34.9516	288.1	12.8	14.48	0	1.01
38	2549	87.825	-148.874	0.11	0.54	0.03	0.005	4.4682	0.01	2592.6	-0.3669	34.9516	288.1	12.89	14.5	0	1.01
38	2549	87.825	-148.874	0.11	0.54	0.03	0.005	4.4682	0.01	2592.6	-0.3669	34.9516	288.1	12.8	14.48	0	1.01
43	35	85.141	-149.873	0.45	1.72	0.014	0	4.4382	0.063	35.6	-1.4554	28.5948	-999	7.75	0.55	0.02	0.73
43	35	85.141	-149.873	0.45	1.72	0.014	0	4.4382	0.063	35.6	-1.4554	28.5948	-999	7.85	0.48	0.02	0.72
43	35	85.141	-149.873	0.45	1.72	0.014	0	4.4371	0.038	35.6	-1.4554	28.5948	-999	7.75	0.55	0.02	0.73
43	35	85.141	-149.873	0.45	1.72	0.014	0	4.4371	0.038	35.6	-1.4554	28.5948	-999	7.85	0.48	0.02	0.72
43	54	85.141	-149.873	0.13	2.4	0.034	0.011	4.4552	0.015	54.7	-1.4846	31.0159	-999	9.99	2.85	0.01	0.83
43	54	85.141	-149.873	0.13	2.4	0.034	0.011	4.4552	0.015	54.7	-1.4846	31.0159	-999	9.79	2.75	0.01	0.83
43	54	85.141	-149.873	0.13	2.4	0.034	0.011	4.4518	0.019	54.7	-1.4846	31.0159	-999	9.99	2.85	0.01	0.83
43	54	85.141	-149.873	0.13	2.4	0.034	0.011	4.4518	0.019	54.7	-1.4846	31.0159	-999	9.79	2.75	0.01	0.83
43	74	85.141	-149.873	0.13	0.9	0.036	0	4.46	0.015	75.1	-1.5611	32.0271	-999	13.7	5.42	0	0.91
43	74	85.141	-149.873	0.13	0.9	0.036	0	4.46	0.015	75.1	-1.5611	32.0271	-999	15.66	6.24	0	1
43	74	85.141	-149.873	0.13	0.9	0.036	0	4.453	0.018	75.1	-1.5611	32.0271	-999	13.7	5.42	0	0.91
43	74	85.141	-149.873	0.13	0.9	0.036	0	4.453	0.018	75.1	-1.5611	32.0271	-999	15.66	6.24	0	1
43	100	85.141	-149.873	0.08	0.93	0.044	0.011	4.4586	0.016	100.7	-1.4134	33.0933	-999	31.49	13.24	0	1.55
43	100	85.141	-149.873	0.08	0.93	0.044	0.011	4.4586	0.016	100.7	-1.4134	33.0933	-999	32.37	13.47	0	1.58
43	100	85.141	-149.873	0.08	0.93	0.044	0.011	4.4522	0.017	100.7	-1.4134	33.0933	-999	31.49	13.24	0	1.55
43	100	85.141	-149.873	0.08	0.93	0.044	0.011	4.4522	0.017	100.7	-1.4134	33.0933	-999	32.37	13.47	0	1.58
43	139	85.141	-149.873	0.34	0.99	0.05	0.018	4.4642	0.017	140.8	-1.0482	34.1667	-999	9.87	9.35	0	0.8
43	139	85.141	-149.873	0.34	0.99	0.05	0.018	4.4642	0.017	140.8	-1.0482	34.1667	-999	9.97	9.34	0	0.81
43	139	85.141	-149.873	0.34	0.99	0.05	0.018	4.4652	0.017	140.8	-1.0482	34.1667	-999	9.87	9.35	0	0.8
43	139	85.141	-149.873	0.34	0.99	0.05	0.018	4.4652	0.017	140.8	-1.0482	34.1667	-999	9.97	9.34	0	0.81
43	139	85.141	-149.873	0.34	0.99	0.05	0.018	4.4593	0.018	140.8	-1.0482	34.1667	-999	9.87	9.35	0	0.8
43	139	85.141	-149.873	0.34	0.99	0.05	0.018	4.4593	0.018	140.8	-1.0482	34.1667	-999	9.97	9.34	0	0.81
43	139	85.141	-149.873	0.34	0.99	0.05	0.018	4.4598	0.015	140.8	-1.0482	34.1667	-999	9.87	9.35	0	0.8
43	139	85.141	-149.873	0.34	0.99	0.05	0.018	4.4598	0.015	140.8	-1.0482	34.1667	-999	9.97	9.34	0	0.81
43	175	85.141	-149.873	0.49	1.27	0.023	0.023	4.47	0.011	176.4	-0.3985	34.4237	-999	6.84	9.85	0	0.75
43	175	85.141	-149.873	0.49	1.27	0.023	0.023	4.47	0.011	176.4	-0.3985	34.4237	-999	6.94	9.79	0	0.75
43	175	85.141	-149.873	0.49	1.27	0.023	0.023	4.4624	0.014	176.4	-0.3985	34.4237	-999	6.84	9.85	0	0.75
43	175	85.141	-149.873	0.49	1.27	0.023	0.023	4.4624	0.014	176.4	-0.3985	34.4237	-999	6.94	9.79	0	0.75
43	225	85.141	-149.873	0.72		0.044	0.011	4.4698	0.012	227.2	0.284	34.6395	-999	6.94	11.02	0	0.79
43	225	85.141	-149.873	0.72		0.044	0.011	4.4698	0.012	227.2	0.284	34.6395	-999	6.94	11.07	0	0.8
43	225	85.141	-149.873	0.72		0.044	0.011	4.464	0.011	227.2	0.284	34.6395	-999	6.94	11.02	0	0.79
43	225	85.141	-149.873	0.72		0.044	0.011	4.464	0.011	227.2	0.284	34.6395	-999	6.94	11.07	0	0.8
43	274	85.141	-149.873	0.2	1.61	0.038	0.007	4.471	0.01	277.5	0.6763	34.7832	-999	6.35	11.74	0	0.8
43	274	85.141	-149.873	0.2	1.61	0.038	0.007	4.471	0.01	277.5	0.6763	34.7832	-999	6.35	11.76	0	0.81
43	274	85.141	-149.873	0.2	1.61	0.038	0.007	4.4642	0.01	277.5	0.6763	34.7832	-999	6.35	11.74	0	0.8
43	274	85.141	-149.873	0.2	1.61	0.038	0.007	4.4642	0.01	277.5	0.6763	34.7832	-999	6.35	11.76	0	0.81
43	329	85.141	-149.873	0.1	0.77	0.05	0.037	4.471	0.009	332.9	0.8793	34.8416	-999	6.06	11.58	0	0.82
43	329	85.141	-149.873	0.1	0.77	0.05	0.037	4.471	0.009	332.9	0.8793	34.8416	-999	6.06	11.88	0	0.81
43	329	85.141	-149.873	0.1	0.77	0.05	0.037	4.465	0.01	332.9	0.8793	34.8416	-999	6.06	11.58	0	0.82
43	329	85.141	-149.873	0.1	0.77	0.05	0.037	4.465	0.01	332.9	0.8793	34.8416	-999	6.06	11.88	0	0.81
43	414	85.141	-149.873	0.2	0.72	0.055	0.034	4.4701	0.009	419.2	0.7894	34.8543	-999	6.25	12.02	0	0.83
43	414	85.141	-149.873	0.2	0.72	0.055	0.034	4.4701	0.009	419.2	0.7894	34.8543	-999	6.25	12.01	0	0.83
43	414	85.141	-149.873	0.2	0.72	0.055	0.034	4.4653	0.01	419.2	0.7894	34.8543	-999	6.25	12.02	0	0.83
43	414	85.141	-149.873	0.2	0.72	0.055	0.034	4.4653	0.01	419.2	0.7894	34.8543	-999	6.25	12.01	0	0.83
43	499	85.141	-149.873	0.25	0.41	0.065	0.014	4.4696	0.009	505.1	0.5631	34.8515	-999	6.93	12.45	0	0.85
43	499	85.141	-149.873	0.25	0.41	0.065	0.014	4.4696	0.009	505.1	0.5631	34.8515	-999	7.03	12.34	0	0.85
43	499	85.141	-149.873	0.25	0.41	0.065	0.014	4.4696	0.009	505.2	0.5533	34.8532	-999	6.74	12.23	0	0.84
43	499	85.141	-149.873	0.25	0.41	0.065	0.014	4.4696	0.009	505.2	0.5533	34.8532	-999	6.74	12.23	0	0.84
43	499	85.141	-149.873	0.25	0.41	0.065	0.014	4.4662	0.01	505.1	0.5631	34.8515	-999	6.93	12.45	0	0.85
43	499	85.141	-149.873	0.25	0.41	0.065	0.014	4.4662	0.01	505.1	0.5631	34.8515	-999	7.03	12.34	0	0.85
43	499	85.141	-149.873	0.25	0.41	0.065	0.014	4.4662	0.01	505.2	0.5533	34.8532	-999	6.74	12.23	0	0.84
43	499	85.141	-149.873	0.25	0.41	0.065	0.014	4.4662	0.01	505.2	0.5533	34.8532	-999	6.74	12.23	0	0.84
43	699	85.141	-149.873	0.2	0.38	0.067	0.111	4.4704	0.009	707.7	0.2577	34.8668	-999	6.54	12.09	0	0.84
43	699	85.141	-149.873	0.2	0.38	0.067	0.111	4.4704	0.009	707.7	0.2577	34.8668	-999	6.44	12.11	0	0.85
43	699	85.141	-149.873	0.2	0.38	0.067	0.111	4.4676	0.01	707.7	0.2577	34.8668	-999	6.54	12.09	0	0.84
43	699	85.141	-149.873	0.2	0.38	0.067	0.111	4.4676	0.01	707.7	0.2577	34.8668	-999	6.44	12.11	0	0.85
43	999	85.141	-149.873	0	0.38	0.143	0.018	4.4699	0.01	1012	-0.0843	34.8867	-999	7.42	12.54	0	0.88
43	999	85.141	-149.873	0	0.38	0.143	0.018	4.4699	0.01	1012	-0.0843	34.8867	-999	7.42	12.52	0	0.88
43	1399	85.141	-149.873	0.23	0.61	0.04	0.025	4.4708	0.01	1418.8	-0.2993	34.9166	-999	9.27	13.28	0	0.93
43	1399	85.141	-149.873	0.23	0.61	0.04	0.025	4.4708	0.01	1418.8	-0.2993	34.9166	-999	9.47	13.29	0	0.94
43	1599	85.141	-149.873	0.31	0.33	0.081	0.049	4.4714	0.009	1622.5	-0.3606	34.9275	-999	10.74	13.67	0	0.96
43	1599	85.141	-149.873	0.31	0.33	0.081	0.049	4.4714	0.009	1622.5	-0.3606	34.9275	-999	10.74	13.66	0	0.96
43	2179	85.141	-149.873	0	0.35	0.063	0.205	4.4676	0.01	2214.2	-0.3856	34.9484	-999	13.57	14.34	0	1.01
43	2179	85.141	-149.873	0	0.35	0.063	0.205	4.4676	0.01	2214.2	-0.3856	34.9484	-999	13.57	14.33	0	1.01
48	500	80.499	-148.597	0.07	0.87	0.09	0.012	4.4697	0.01	506	0.8493	34.8515	276.4	6.25	12.13	0	0.83
48	500	80.499	-148.597	0.07	0.87	0.09	0.012	4.4697	0.01	506	0.8493	34.8515	276.4	6.25	12.14	0	0.83
48	710	80.499	-148.597	0.19	0.33	0.035	0.026	4.4717	0.01	718.8	0.3932	34.8627	279.6	7.03	12.29	0	0.86
48	710	80.499	-148.597	0.19	0.33	0.035	0.026	4.4717	0.01	718.8	0.3932	34.8627	279.6	6.54	12.3	0	0.85
48	1400	80.499	-148.597	0.07	0.24	0.066	0.016	4.4736	0.01	1419.9	-0.2618	34.907	285.7	8.2	13.04	0	0.92
48	1400	80.499	-148.597	0.07	0.24	0.066	0.016	4.4736	0.01	1419.9	-0.2618	34.907	285.7	8.3	13.04	0	0.91
48	2100	80.499	-148.597	0	0.23	0.023	0	4.4749	0.01	2133.1	-0.4062	34.9453	286.6	11.52	14.15	0	0.99
48	2100	80.499	-148.597	0	0.23	0.023	0	4.4749	0.01	2133.1	-0.4062	34.9453	286.6	11.52	14.15	0	1
48	2900	80.499	-148.597	0.15	0.31	0.016	0.011	4.4744	0.01	2951.8	-0.3373	34.956	292.4	13.38	14.41	0	1.01
48	2900	80.499	-148.597	0.15	0.31	0.016	0.011	4.4744	0.01	2951.8	-0.3373	34.956	292.4	13.38	14.42	0	1.01
48	3655	80.499	-148.597	0.08	0.27	0.034	0.023	4.474	0.011	3726.5	-0.2664	34.9557	304.4	13.38	14.46	0	1.02
48	3655	80.499	-148.597	0.08	0.27	0.034	0.023	4.474	0.011	3726.5	-0.2664	34.9557	304.4	13.38	14.43	0	1.01
48	3730	80.499	-148.597	0.05	0.27	0.006	0.011	4.4732	0.011	3803.6	-0.2586	34.9555	305.6	13.38	14.43	0	1.01
48	3730	80.499	-148.597	0.05	0.27	0.006	0.011	4.4732	0.011	3803.6	-0.2586	34.9555	305.6	13.38	14.44	0	1.01
48	3780	80.499	-148.597	0.1	0.22	0.025	0	4.4766	0.01	3855.2	-0.2533	34.9557	306.6	13.28	14.46	0	1.02
48	3780	80.499	-148.597	0.1	0.22	0.025	0	4.4766	0.01	3855.2	-0.2533	34.9557	306.6	13.28	14.43	0	1.03
51	20	78.174	-147.833	0.14	0.73	0.001	0.015	4.4452	0.072	20.3	-1.4919	27.7364	320.1	2.75	0	0	0.56
51	20	78.174	-147.833	0.14	0.73	0.001	0.015	4.4452	0.072	20.3	-1.4919	27.7364	320.1	2.75	0	0	0.57
51	20	78.174	-147.833	0.14	0.73	0.001	0.015	4.4452	0.072	20.5	-1.491	27.7388	320.3	2.65	0	0	0.57
51	20	78.174	-147.833	0.14	0.73	0.001	0.015	4.4452	0.072	20.5	-1.491	27.7388	320.3	2.65	0.01	0	0.59
51	38	78.174	-147.833	0	0.78	0.006	0.031	4.4415	0.089	38.5	-1.2094	29.5908	325.8	2.45	0	0.01	0.63
51	38	78.174	-147.833	0	0.78	0.006	0.031	4.4415	0.089	38.5	-1.2094	29.5908	325.8	3.14	0.16	0.02	0.67
51	55	78.174	-147.833	0	0.78	0.039	0.175	4.4419	0.077	55.1	-0.3258	31.1152	297.8	9.4	3.49	0.02	0.99
51	55	78.174	-147.833	0	0.78	0.039	0.175	4.4419	0.077	55.1	-0.3258	31.1152	297.8	8.82	3.06	0.03	0.95
51	55	78.174	-147.833	0	0.78	0.039	0.175	4.4419	0.077	55.4	-0.3418	31.1542	297.4	8.52	2.81	0.03	0.93
51	55	78.174	-147.833	0	0.78	0.039	0.175	4.4419	0.077	55.4	-0.3418	31.1542	297.4	8.62	2.95	0.03	0.95
52	19	77.481	-147.954	0.06	1.57	0.001	0.025	4.4429	0.07	19.6	-1.3994	27.6248	320.8	2.65	0	0	0.57
52	19	77.481	-147.954	0.06	1.57	0.001	0.025	4.4429	0.07	19.6	-1.3994	27.6248	320.8	2.65	0.02	0	0.58
52	19	77.481	-147.954	0.06	1.57	0.001	0.025	4.4147	0.063	19.6	-1.3994	27.6248	320.8	2.65	0	0	0.57
52	19	77.481	-147.954	0.06	1.57	0.001	0.025	4.4147	0.063	19.6	-1.3994	27.6248	320.8	2.65	0.02	0	0.58
52	23	77.481	-147.954	0.57		0.005	0.026	4.4425	0.089	23.5	-1.1333	29.1016	328.3	2.55	0	0	0.58
52	23	77.481	-147.954	0.57		0.005	0.026	4.4425	0.089	23.5	-1.1333	29.1016	328.3	2.55	0.01	0	0.59
52	23	77.481	-147.954	0.57		0.005	0.026	4.4139	0.08	23.5	-1.1333	29.1016	328.3	2.55	0	0	0.58
52	23	77.481	-147.954	0.57		0.005	0.026	4.4139	0.08	23.5	-1.1333	29.1016	328.3	2.55	0.01	0	0.59
52	36	77.481	-147.954	0.07	1.06	0.004	0.02	4.4363	0.103	36.2	-1.2604	29.3765	327.2	2.84	0.11	0	0.61
52	36	77.481	-147.954	0.07	1.06	0.004	0.02	4.4363	0.103	36.2	-1.2604	29.3765	327.2	2.75	0	0	0.61
52	36	77.481	-147.954	0.07	1.06	0.004	0.02	4.4181	0.083	36.2	-1.2604	29.3765	327.2	2.84	0.11	0	0.61
52	36	77.481	-147.954	0.07	1.06	0.004	0.02	4.4181	0.083	36.2	-1.2604	29.3765	327.2	2.75	0	0	0.61
52	60	77.481	-147.954	0.37	0.79	0.054	0.025	4.4422	0.106	60.4	-0.0947	30.8645	310.8	6.85	1.79	0.04	0.91
52	60	77.481	-147.954	0.37	0.79	0.054	0.025	4.4422	0.106	60.4	-0.0947	30.8645	310.8	6.85	1.74	0.04	0.9
52	60	77.481	-147.954	0.37	0.79	0.054	0.025	4.4045	0.12	60.4	-0.0947	30.8645	310.8	6.85	1.79	0.04	0.91
52	60	77.481	-147.954	0.37	0.79	0.054	0.025	4.4045	0.12	60.4	-0.0947	30.8645	310.8	6.85	1.74	0.04	0.9
52	90	77.481	-147.954	0.27	0.79	0.075	0.04	4.456	0.027	91.1	-0.9428	31.9779	264.4	18.4	9	0	1.4
52	90	77.481	-147.954	0.27	0.79	0.075	0.04	4.456	0.027	91.1	-0.9428	31.9779	264.4	18.5	9.05	0	1.4
52	90	77.481	-147.954	0.27	0.79	0.075	0.04	4.4415	0.025	91.1	-0.9428	31.9779	264.4	18.4	9	0	1.4
52	90	77.481	-147.954	0.27	0.79	0.075	0.04	4.4415	0.025	91.1	-0.9428	31.9779	264.4	18.5	9.05	0	1.4
52	120	77.481	-147.954	0.42	1.02	0.047	0.012	4.4561	0.017	121.4	-1.2893	32.3898	252.1	25.53	12.11	0	1.62
52	120	77.481	-147.954	0.42	1.02	0.047	0.012	4.4561	0.017	121.4	-1.2893	32.3898	252.1	24.85	11.84	0	1.6
52	120	77.481	-147.954	0.42	1.02	0.047	0.012	4.4413	0.017	121.4	-1.2893	32.3898	252.1	25.53	12.11	0	1.62
52	120	77.481	-147.954	0.42	1.02	0.047	0.012	4.4413	0.017	121.4	-1.2893	32.3898	252.1	24.85	11.84	0	1.6
52	150	77.481	-147.954	0.66	0.67	0.041	0.02	4.4553	0.017	151.5	-1.3979	32.6717	240.6	29.44	13.89	0	1.77
52	150	77.481	-147.954	0.66	0.67	0.041	0.02	4.4553	0.017	151.5	-1.3979	32.6717	240.6	29.64	13.99	0	1.78
52	150	77.481	-147.954	0.66	0.67	0.041	0.02	4.4418	0.016	151.5	-1.3979	32.6717	240.6	29.44	13.89	0	1.77
52	150	77.481	-147.954	0.66	0.67	0.041	0.02	4.4418	0.016	151.5	-1.3979	32.6717	240.6	29.64	13.99	0	1.78
52	190	77.481	-147.954	0.1	1.23	0.052	0.02	4.4562	0.018	192.3	-1.4624	33.0728	228.4	35.3	15.77	0	1.86
52	190	77.481	-147.954	0.1	1.23	0.052	0.02	4.4562	0.018	192.3	-1.4624	33.0728	228.4	35.2	15.74	0	1.88
52	190	77.481	-147.954	0.1	1.23	0.052	0.02	4.4421	0.018	192.3	-1.4624	33.0728	228.4	35.3	15.77	0	1.86
52	190	77.481	-147.954	0.1	1.23	0.052	0.02	4.4421	0.018	192.3	-1.4624	33.0728	228.4	35.2	15.74	0	1.88
52	245	77.481	-147.954	0.12	1.41	0.039	0.02	4.4595	0.016	247.7	-0.9063	34.0732	222.9	19.83	13.12	0	1.23
52	245	77.481	-147.954	0.12	1.41	0.039	0.02	4.4595	0.016	247.7	-0.9063	34.0732	222.9	18.95	12.98	0	1.18
52	245	77.481	-147.954	0.12	1.41	0.039	0.02	4.4479	0.018	247.7	-0.9063	34.0732	222.9	19.83	13.12	0	1.23
52	245	77.481	-147.954	0.12	1.41	0.039	0.02	4.4479	0.018	247.7	-0.9063	34.0732	222.9	18.95	12.98	0	1.18
52	350	77.481	-147.954	0	1.11	0.032	0.033	4.4633	0.012	353.9	0.5214	34.7342	238.7	7.91	12.34	0	0.87
52	350	77.481	-147.954	0	1.11	0.032	0.033	4.4633	0.012	353.9	0.5214	34.7342	238.7	7.91	12.36	0	0.87
52	350	77.481	-147.954	0	1.11	0.032	0.033	4.453	0.011	353.9	0.5214	34.7342	238.7	7.91	12.34	0	0.87
52	350	77.481	-147.954	0	1.11	0.032	0.033	4.453	0.011	353.9	0.5214	34.7342	238.7	7.91	12.36	0	0.87
52	450	77.481	-147.954	0.17	0.49	0.039	0.021	4.4641	0.012	455.3	0.8157	34.8293	246.3	6.25	12.28	0	0.84
52	450	77.481	-147.954	0.17	0.49	0.039	0.021	4.4641	0.012	455.3	0.8157	34.8293	246.3	6.15	12.28	0	0.85
52	450	77.481	-147.954	0.17	0.49	0.039	0.021	4.4531	0.011	455.3	0.8157	34.8293	246.3	6.25	12.28	0	0.84
52	450	77.481	-147.954	0.17	0.49	0.039	0.021	4.4531	0.011	455.3	0.8157	34.8293	246.3	6.15	12.28	0	0.85
52	600	77.481	-147.954	0.22	0.49	0.064	0.029	4.4653	0.011	607.4	0.6225	34.8531	248.3	6.45	12.43	0	0.85
52	600	77.481	-147.954	0.22	0.49	0.064	0.029	4.4653	0.011	607.4	0.6225	34.8531	248.3	6.45	12.47	0	0.84
52	600	77.481	-147.954	0.22	0.49	0.064	0.029	4.4543	0.01	607.4	0.6225	34.8531	248.3	6.45	12.43	0	0.85
52	600	77.481	-147.954	0.22	0.49	0.064	0.029	4.4543	0.01	607.4	0.6225	34.8531	248.3	6.45	12.47	0	0.84
52	601	77.481	-147.954	0.21	1.03	0.058	0.035	4.4653	0.011	608.2	0.6203	34.8532	247.4	6.64	12.45	0	0.85
52	601	77.481	-147.954	0.21	1.03	0.058	0.035	4.4653	0.011	608.2	0.6203	34.8532	247.4	6.64	12.49	0	0.84
52	601	77.481	-147.954	0.21	1.03	0.058	0.035	4.4542	0.01	608.2	0.6203	34.8532	247.4	6.64	12.45	0	0.85
52	601	77.481	-147.954	0.21	1.03	0.058	0.035	4.4542	0.01	608.2	0.6203	34.8532	247.4	6.64	12.49	0	0.84
52	901	77.481	-147.954		0.46	0.01	0.027	4.4565	0.011	912.5	0.1314	34.8699	250.2	6.74	12.52	0	0.85
52	901	77.481	-147.954		0.46	0.01	0.027	4.4565	0.011	912.5	0.1314	34.8699	250.2	6.74	12.5	0	0.86
52	901	77.481	-147.954		0.46	0.01	0.027	4.4566	0.011	912.5	0.1314	34.8699	250.2	6.74	12.52	0	0.85
52	901	77.481	-147.954		0.46	0.01	0.027	4.4566	0.011	912.5	0.1314	34.8699	250.2	6.74	12.5	0	0.86
52	1201	77.481	-147.954	0.41	0.47	0.016	0.028	4.4578	0.01	1217.2	-0.1309	34.8897	250.6	7.42	12.77	0	0.89
52	1201	77.481	-147.954	0.41	0.47	0.016	0.028	4.4578	0.01	1217.2	-0.1309	34.8897	250.6	7.42	12.79	0	0.87
52	1801	77.481	-147.954	0	0.49	0.03	0.035	4.4595	0.01	1828.3	-0.3836	34.9297	248.3	9.87	13.74	0	0.95
52	1801	77.481	-147.954	0	0.49	0.03	0.035	4.4595	0.01	1828.3	-0.3836	34.9297	248.3	9.87	13.76	0	0.95
52	2051	77.481	-147.954	0	0.75	0.032	0.042	4.4598	0.01	2083	-0.4035	34.9415	246.1	11.14	14.13	0	0.98
52	2051	77.481	-147.954	0	0.75	0.032	0.042	4.4598	0.01	2083	-0.4035	34.9415	246.1	11.04	14.13	0	0.99
52	2451	77.481	-147.954	0	0.45	0.009	0.033	4.4603	0.01	2491.8	-0.3848	34.9512	245.1	12.41	14.39	0	1.01
52	2451	77.481	-147.954	0	0.45	0.009	0.033	4.4603	0.01	2491.8	-0.3848	34.9512	245.1	12.41	14.4	0	1
52	2851	77.481	-147.954	0.59	0.48	0.006	0.009	4.4603	0.01	2901.3	-0.342	34.9557	244.4	13.38	14.5	0	1.01
52	2851	77.481	-147.954	0.59	0.48	0.006	0.009	4.4603	0.01	2901.3	-0.342	34.9557	244.4	13.38	14.48	0	1.01
52	3301	77.481	-147.954	0.08	0.8	0.009	0.008	4.4603	0.01	3362.8	-0.3013	34.9556	247.1	13.38	14.46	0	1.03
52	3301	77.481	-147.954	0.08	0.8	0.009	0.008	4.4603	0.01	3362.8	-0.3013	34.9556	247.1	13.38	14.46	0	1.03
52	3301	77.481	-147.954	0.08	0.8	0.009	0.008	4.4603	0.011	3362.8	-0.3013	34.9556	247.1	13.38	14.46	0	1.03
52	3301	77.481	-147.954	0.08	0.8	0.009	0.008	4.4603	0.011	3362.8	-0.3013	34.9556	247.1	13.38	14.46	0	1.03
52	3669	77.481	-147.954	0.16	1.37	0.009	0.02	4.4603	0.011	3740.2	-0.265	34.9554	250	13.38	14.5	0	1.03
52	3669	77.481	-147.954	0.16	1.37	0.009	0.02	4.4603	0.011	3740.2	-0.265	34.9554	250	13.28	14.49	0	1.02
52	3744	77.481	-147.954	0.07	0.8	0.01	0.027	4.46	0.011	3817.4	-0.2576	34.9553	250.5	13.38	14.51	0	1.01
52	3744	77.481	-147.954	0.07	0.8	0.01	0.027	4.46	0.011	3817.4	-0.2576	34.9553	250.5	13.38	14.52	0	1.01
52	3794	77.481	-147.954	0	0.84	0.018	0.04	4.4627	0.011	3868.7	-0.2521	34.9555	251.2	13.38	14.51	0	1.01
52	3794	77.481	-147.954	0	0.84	0.018	0.04	4.4627	0.011	3868.7	-0.2521	34.9555	251.2	13.38	14.45	0	1
53	20	76.998	-148.798	0.36	0.84	0.01	0.091	4.4327	0.054	20.2	-0.7927	27.7748	331.8	2.55	0	0	0.58
53	20	76.998	-148.798	0.36	0.84	0.01	0.091	4.4327	0.054	20.2	-0.7927	27.7748	331.8	2.65	0	0	0.58
53	20	76.998	-148.798	0.36	0.84	0.01	0.091	4.4327	0.054	20.6	-0.5762	28.1098	332.1	2.65	0.04	0	0.57
53	20	76.998	-148.798	0.36	0.84	0.01	0.091	4.4327	0.054	20.6	-0.5762	28.1098	332.1	2.55	0.01	0	0.58
53	41	76.998	-148.798	0.29	1.65	0.019	0.102	4.4312	0.068	41.2	-0.6026	29.2497	327	3.24	0.07	0	0.66
53	41	76.998	-148.798	0.29	1.65	0.019	0.102	4.4312	0.068	41.2	-0.6026	29.2497	327	3.24	0.06	0	0.65
53	65	76.998	-148.798	0.14	1.76	0.035	0.373	4.419	0.141	65.6	-0.0083	31.1719	303.8	6.66	1.66	0.08	0.9
53	65	76.998	-148.798	0.14	1.76	0.035	0.373	4.419	0.141	65.6	-0.0083	31.1719	303.8	7.15	2.11	0.06	0.92
53	65	76.998	-148.798	0.14	1.76	0.035	0.373	4.419	0.141	66.1	-0.1424	31.2088	304	9.01	3.6	0.01	1.01
53	65	76.998	-148.798	0.14	1.76	0.035	0.373	4.419	0.141	66.1	-0.1424	31.2088	304	7.93	2.71	0.04	0.95
54	20	76.998	-148.801	0.06	1.6	0.006	0.024	4.4404	0.048	19.9	-1.2163	26.3791	320.5	2.46	0.01	0	0.52
54	20	76.998	-148.801	0.06	1.6	0.006	0.024	4.4404	0.048	19.9	-1.2163	26.3791	320.5	2.46	0.01	0	0.52
54	20	76.998	-148.801	0.06	1.6	0.006	0.024	4.4404	0.048	20.6	-1.1953	26.4128	320.1	2.55	0	0	0.54
54	20	76.998	-148.801	0.06	1.6	0.006	0.024	4.4404	0.048	20.6	-1.1953	26.4128	320.1	2.55	0.01	0	0.53
54	41	76.998	-148.801	0.4	0.75	0.01	0.111	4.4313	0.082	41.2	-1.057	29.1142	325.6	3.04	0.02	0	0.6
54	41	76.998	-148.801	0.4	0.75	0.01	0.111	4.4313	0.082	41.2	-1.057	29.1142	325.6	3.04	0	0	0.6
54	61	76.998	-148.801	0.54	1.38	0.015	0.048	4.4113	0.133	61.3	-0.2635	30.5912	319.1	5.29	0.65	0.06	0.77
54	61	76.998	-148.801	0.54	1.38	0.015	0.048	4.4113	0.133	61.3	-0.2635	30.5912	319.1	5	0.5	0.06	0.77
54	61	76.998	-148.801	0.54	1.38	0.015	0.048	4.4113	0.133	61.6	-0.2775	30.6221	317.4	6.37	1.25	0.04	0.82
54	61	76.998	-148.801	0.54	1.38	0.015	0.048	4.4113	0.133	61.6	-0.2775	30.6221	317.4	5.88	0.96	0.05	0.8
57	20	73.356	-156.81	0.24	0.56	0.015	0.011	4.4394	0.042	20.5	-0.5511	27.3722	334.7	2.26	0.01	0	0.56
57	20	73.356	-156.81	0.24	0.56	0.015	0.011	4.4394	0.042	20.5	-0.5511	27.3722	334.7	2.26	0.02	0	0.56
57	20	73.356	-156.81	0.24	0.56	0.015	0.011	4.4352	0.046	20.5	-0.5511	27.3722	334.7	2.26	0.01	0	0.56
57	20	73.356	-156.81	0.24	0.56	0.015	0.011	4.4352	0.046	20.5	-0.5511	27.3722	334.7	2.26	0.02	0	0.56
57	20	73.356	-156.81	0.24	0.56	0.015	0.011	4.4376	0.047	20.5	-0.5511	27.3722	334.7	2.26	0.01	0	0.56
57	20	73.356	-156.81	0.24	0.56	0.015	0.011	4.4376	0.047	20.5	-0.5511	27.3722	334.7	2.26	0.02	0	0.56
57	21	73.356	-156.81	0.06	0.65	0.001	0.081	4.4386	0.044	20.9	-0.526	27.4274	334.7	2.26	0.01	0	0.56
57	21	73.356	-156.81	0.06	0.65	0.001	0.081	4.4386	0.044	20.9	-0.526	27.4274	334.7	2.26	0.02	0	0.56
57	21	73.356	-156.81	0.06	0.65	0.001	0.081	4.4359	0.062	20.9	-0.526	27.4274	334.7	2.26	0.01	0	0.56
57	21	73.356	-156.81	0.06	0.65	0.001	0.081	4.4359	0.062	20.9	-0.526	27.4274	334.7	2.26	0.02	0	0.56
57	21	73.356	-156.81	0.06	0.65	0.001	0.081	4.4438	0.043	20.9	-0.526	27.4274	334.7	2.26	0.01	0	0.56
57	21	73.356	-156.81	0.06	0.65	0.001	0.081	4.4438	0.043	20.9	-0.526	27.4274	334.7	2.26	0.02	0	0.56
57	37	73.493	-156.811	0.32	1.4	0.007	0.023	4.4422	0.046	37.2	-0.7956	28.5125	331.2	2.75	0.01	0	0.6
57	37	73.493	-156.811	0.32	1.4	0.007	0.023	4.4422	0.046	37.2	-0.7956	28.5125	331.2	2.85	0.01	0	0.6
57	37	73.493	-156.811	0.32	1.4	0.007	0.023	4.437	0.085	37.2	-0.7956	28.5125	331.2	2.75	0.01	0	0.6
57	37	73.493	-156.811	0.32	1.4	0.007	0.023	4.437	0.085	37.2	-0.7956	28.5125	331.2	2.85	0.01	0	0.6
57	37	73.493	-156.811	0.32	1.4	0.007	0.023	4.44	0.059	37.2	-0.7956	28.5125	331.2	2.75	0.01	0	0.6
57	37	73.493	-156.811	0.32	1.4	0.007	0.023	4.44	0.059	37.2	-0.7956	28.5125	331.2	2.85	0.01	0	0.6
57	58	73.493	-156.811	0.65	1.22	0.011	0.023	4.4354	0.07	58.2	0.4243	30.5816	318	4.31	0	0	0.72
57	58	73.493	-156.811	0.65	1.22	0.011	0.023	4.4354	0.07	58.2	0.4243	30.5816	318	4.21	0	0	0.72
57	58	73.493	-156.811	0.65	1.22	0.011	0.023	4.4411	0.062	58.2	0.4243	30.5816	318	4.31	0	0	0.72
57	58	73.493	-156.811	0.65	1.22	0.011	0.023	4.4411	0.062	58.2	0.4243	30.5816	318	4.21	0	0	0.72
57	58	73.493	-156.811	0.65	1.22	0.011	0.023	4.437	0.076	58.2	0.4243	30.5816	318	4.31	0	0	0.72
57	58	73.493	-156.811	0.65	1.22	0.011	0.023	4.437	0.076	58.2	0.4243	30.5816	318	4.21	0	0	0.72
57	66	73.493	-156.811	0.61	1.68	0.021	0.034	4.4299	0.097	67.1	0.1385	31.0035	311.3	5.78	0.49	0.08	0.83
57	66	73.493	-156.811	0.61	1.68	0.021	0.034	4.4299	0.097	67.1	0.1385	31.0035	311.3	5.88	0.61	0.09	0.84
57	66	73.493	-156.811	0.61	1.68	0.021	0.034	4.433	0.083	67.1	0.1385	31.0035	311.3	5.78	0.49	0.08	0.83
57	66	73.493	-156.811	0.61	1.68	0.021	0.034	4.433	0.083	67.1	0.1385	31.0035	311.3	5.88	0.61	0.09	0.84
57	66	73.493	-156.811	0.61	1.68	0.021	0.034	4.4329	0.099	67.1	0.1385	31.0035	311.3	5.78	0.49	0.08	0.83
57	66	73.493	-156.811	0.61	1.68	0.021	0.034	4.4329	0.099	67.1	0.1385	31.0035	311.3	5.88	0.61	0.09	0.84
57	86	73.493	-156.811	0.7	1.55	0.017	0.011	4.443	0.074	86.4	-0.9936	31.7679	273.4	14	7.31	0.02	1.28
57	86	73.493	-156.811	0.7	1.55	0.017	0.011	4.443	0.074	86.4	-0.9936	31.7679	273.4	13.9	7.31	0.01	1.28
57	86	73.493	-156.811	0.7	1.55	0.017	0.011	4.4449	0.073	86.4	-0.9936	31.7679	273.4	14	7.31	0.02	1.28
57	86	73.493	-156.811	0.7	1.55	0.017	0.011	4.4449	0.073	86.4	-0.9936	31.7679	273.4	13.9	7.31	0.01	1.28
57	86	73.493	-156.811	0.7	1.55	0.017	0.011	4.4433	0.064	86.4	-0.9936	31.7679	273.4	14	7.31	0.02	1.28
57	86	73.493	-156.811	0.7	1.55	0.017	0.011	4.4433	0.064	86.4	-0.9936	31.7679	273.4	13.9	7.31	0.01	1.28
57	105	73.493	-156.811	0.48	1.51	0.031	0.051	4.4525	0.031	106.2	-1.1121	32.1679	256.8	21.34	10.63	0.01	1.53
57	105	73.493	-156.811	0.48	1.51	0.031	0.051	4.4525	0.031	106.2	-1.1121	32.1679	256.8	20.95	10.53	0	1.52
57	105	73.493	-156.811	0.48	1.51	0.031	0.051	4.4539	0.025	106.2	-1.1121	32.1679	256.8	21.34	10.63	0.01	1.53
57	105	73.493	-156.811	0.48	1.51	0.031	0.051	4.4539	0.025	106.2	-1.1121	32.1679	256.8	20.95	10.53	0	1.52
57	105	73.493	-156.811	0.48	1.51	0.031	0.051	4.4475	0.025	106.2	-1.1121	32.1679	256.8	21.34	10.63	0.01	1.53
57	105	73.493	-156.811	0.48	1.51	0.031	0.051	4.4475	0.025	106.2	-1.1121	32.1679	256.8	20.95	10.53	0	1.52
57	126	73.493	-156.811	0.05	1.71	0.059	0	4.4368	0.016	127.1	-1.3541	32.4329	250.6	25.15	11.97	0	1.62
57	126	73.493	-156.811	0.05	1.71	0.059	0	4.4368	0.016	127.1	-1.3541	32.4329	250.6	25.25	12.02	0	1.63
57	126	73.493	-156.811	0.05	1.71	0.059	0	4.4543	0.016	127.1	-1.3541	32.4329	250.6	25.15	11.97	0	1.62
57	126	73.493	-156.811	0.05	1.71	0.059	0	4.4543	0.016	127.1	-1.3541	32.4329	250.6	25.25	12.02	0	1.63
57	126	73.493	-156.811	0.05	1.71	0.059	0	4.4409	0.018	127.1	-1.3541	32.4329	250.6	25.15	11.97	0	1.62
57	126	73.493	-156.811	0.05	1.71	0.059	0	4.4409	0.018	127.1	-1.3541	32.4329	250.6	25.25	12.02	0	1.63
57	185	73.40166667	-156.8103333	0.28	1.006666667	0.030666667	0.047333333	4.4477	0.016	187.4	-1.4797	33.0936	228.1	33.94	15.59	0	1.82
57	185	73.40166667	-156.8103333	0.28	1.006666667	0.030666667	0.047333333	4.4477	0.016	187.4	-1.4797	33.0936	228.1	34.04	15.73	0	1.83
57	185	73.40166667	-156.8103333	0.28	1.006666667	0.030666667	0.047333333	4.4477	0.016	187.4	-1.4775	33.1135	228.4	34.13	15.87	0	1.81
57	185	73.40166667	-156.8103333	0.28	1.006666667	0.030666667	0.047333333	4.4477	0.016	187.4	-1.4775	33.1135	228.4	33.94	15.82	0	1.83
57	185	73.40166667	-156.8103333	0.28	1.006666667	0.030666667	0.047333333	4.4567	0.016	187.4	-1.4797	33.0936	228.1	33.94	15.59	0	1.82
57	185	73.40166667	-156.8103333	0.28	1.006666667	0.030666667	0.047333333	4.4567	0.016	187.4	-1.4797	33.0936	228.1	34.04	15.73	0	1.83
57	185	73.40166667	-156.8103333	0.28	1.006666667	0.030666667	0.047333333	4.4567	0.016	187.4	-1.4775	33.1135	228.4	34.13	15.87	0	1.81
57	185	73.40166667	-156.8103333	0.28	1.006666667	0.030666667	0.047333333	4.4567	0.016	187.4	-1.4775	33.1135	228.4	33.94	15.82	0	1.83
57	185	73.40166667	-156.8103333	0.28	1.006666667	0.030666667	0.047333333	4.4533	0.017	187.4	-1.4797	33.0936	228.1	33.94	15.59	0	1.82
57	185	73.40166667	-156.8103333	0.28	1.006666667	0.030666667	0.047333333	4.4533	0.017	187.4	-1.4797	33.0936	228.1	34.04	15.73	0	1.83
57	185	73.40166667	-156.8103333	0.28	1.006666667	0.030666667	0.047333333	4.4533	0.017	187.4	-1.4775	33.1135	228.4	34.13	15.87	0	1.81
57	185	73.40166667	-156.8103333	0.28	1.006666667	0.030666667	0.047333333	4.4533	0.017	187.4	-1.4775	33.1135	228.4	33.94	15.82	0	1.83
57	234	73.493	-156.811	0.35	1.32	0.087	0	4.4469	0.015	236.6	-0.8691	34.0823	229.5	17.98	12.55	0	1.15
57	234	73.493	-156.811	0.35	1.32	0.087	0	4.4469	0.015	236.6	-0.8691	34.0823	229.5	17.89	12.57	0	1.16
57	234	73.493	-156.811	0.35	1.32	0.087	0	4.4576	0.015	236.6	-0.8691	34.0823	229.5	17.98	12.55	0	1.15
57	234	73.493	-156.811	0.35	1.32	0.087	0	4.4576	0.015	236.6	-0.8691	34.0823	229.5	17.89	12.57	0	1.16
57	234	73.493	-156.811	0.35	1.32	0.087	0	4.4368	0.015	236.6	-0.8691	34.0823	229.5	17.98	12.55	0	1.15
57	234	73.493	-156.811	0.35	1.32	0.087	0	4.4368	0.015	236.6	-0.8691	34.0823	229.5	17.89	12.57	0	1.16
57	305	73.493	-156.811	0.66	1.14	0.026	0.008	4.4567	0.012	308.4	0.2645	34.6501	232.7	10.45	12.73	0	0.94
57	305	73.493	-156.811	0.66	1.14	0.026	0.008	4.4567	0.012	308.4	0.2645	34.6501	232.7	10.26	12.74	0	0.95
57	305	73.493	-156.811	0.66	1.14	0.026	0.008	4.4573	0.013	308.4	0.2645	34.6501	232.7	10.45	12.73	0	0.94
57	305	73.493	-156.811	0.66	1.14	0.026	0.008	4.4573	0.013	308.4	0.2645	34.6501	232.7	10.26	12.74	0	0.95
57	305	73.493	-156.811	0.66	1.14	0.026	0.008	4.4423	0.012	308.4	0.2645	34.6501	232.7	10.45	12.73	0	0.94
57	305	73.493	-156.811	0.66	1.14	0.026	0.008	4.4423	0.012	308.4	0.2645	34.6501	232.7	10.26	12.74	0	0.95
57	444	73.356	-156.81	0	0.695	0.05	0.0255	4.4591	0.01	449.6	0.7466	34.831	243.6	7.23	12.87	0	0.88
57	444	73.356	-156.81	0	0.695	0.05	0.0255	4.4591	0.01	449.6	0.7466	34.831	243.6	7.33	12.78	0	0.88
57	444	73.356	-156.81	0	0.695	0.05	0.0255	4.458	0.01	449.6	0.7466	34.831	243.6	7.23	12.87	0	0.88
57	444	73.356	-156.81	0	0.695	0.05	0.0255	4.458	0.01	449.6	0.7466	34.831	243.6	7.33	12.78	0	0.88
57	444	73.356	-156.81	0	0.695	0.05	0.0255	4.4426	0.01	449.6	0.7466	34.831	243.6	7.23	12.87	0	0.88
57	444	73.356	-156.81	0	0.695	0.05	0.0255	4.4426	0.01	449.6	0.7466	34.831	243.6	7.33	12.78	0	0.88
57	445	73.493	-156.811	0	0.89	0.05	0	4.4592	0.01	450.1	0.7729	34.8315	244.5	7.03	12.55	0	0.86
57	445	73.493	-156.811	0	0.89	0.05	0	4.4592	0.01	450.1	0.7729	34.8315	244.5	6.94	12.61	0	0.86
57	445	73.493	-156.811	0	0.89	0.05	0	4.4592	0.01	449.8	0.7463	34.831	243.6	7.23	12.77	0	0.88
57	445	73.493	-156.811	0	0.89	0.05	0	4.4592	0.01	449.8	0.7463	34.831	243.6	7.23	12.77	0	0.88
57	445	73.493	-156.811	0	0.89	0.05	0	4.4575	0.01	450.1	0.7729	34.8315	244.5	7.03	12.55	0	0.86
57	445	73.493	-156.811	0	0.89	0.05	0	4.4575	0.01	450.1	0.7729	34.8315	244.5	6.94	12.61	0	0.86
57	445	73.493	-156.811	0	0.89	0.05	0	4.4575	0.01	449.8	0.7463	34.831	243.6	7.23	12.77	0	0.88
57	445	73.493	-156.811	0	0.89	0.05	0	4.4575	0.01	449.8	0.7463	34.831	243.6	7.23	12.77	0	0.88
57	445	73.493	-156.811	0	0.89	0.05	0	4.4429	0.011	450.1	0.7729	34.8315	244.5	7.03	12.55	0	0.86
57	445	73.493	-156.811	0	0.89	0.05	0	4.4429	0.011	450.1	0.7729	34.8315	244.5	6.94	12.61	0	0.86
57	445	73.493	-156.811	0	0.89	0.05	0	4.4429	0.011	449.8	0.7463	34.831	243.6	7.23	12.77	0	0.88
57	445	73.493	-156.811	0	0.89	0.05	0	4.4429	0.011	449.8	0.7463	34.831	243.6	7.23	12.77	0	0.88
57	550	73.356	-156.81	0	0.92	0.053	0.035	4.4551	0.011	556.6	0.5705	34.8505	246.4	7.13	12.71	0	0.87
57	550	73.356	-156.81	0	0.92	0.053	0.035	4.4551	0.011	556.6	0.5705	34.8505	246.4	7.13	12.73	0	0.87
57	550	73.356	-156.81	0	0.92	0.053	0.035	4.4576	0.01	556.6	0.5705	34.8505	246.4	7.13	12.71	0	0.87
57	550	73.356	-156.81	0	0.92	0.053	0.035	4.4576	0.01	556.6	0.5705	34.8505	246.4	7.13	12.73	0	0.87
57	550	73.356	-156.81	0	0.92	0.053	0.035	4.4455	0.01	556.6	0.5705	34.8505	246.4	7.13	12.71	0	0.87
57	550	73.356	-156.81	0	0.92	0.053	0.035	4.4455	0.01	556.6	0.5705	34.8505	246.4	7.13	12.73	0	0.87
57	551	73.493	-156.811	0.365	0.98	0.0265	0.0175	4.4562	0.011	557.8	0.6185	34.8496	246.9	7.03	12.59	0	0.86
57	551	73.493	-156.811	0.365	0.98	0.0265	0.0175	4.4562	0.011	557.8	0.6185	34.8496	246.9	7.03	12.5	0	0.86
57	551	73.493	-156.811	0.365	0.98	0.0265	0.0175	4.4562	0.011	557.6	0.6424	34.8481	245.3	6.74	12.65	0	0.87
57	551	73.493	-156.811	0.365	0.98	0.0265	0.0175	4.4562	0.011	557.6	0.6424	34.8481	245.3	6.74	12.52	0	0.86
57	551	73.493	-156.811	0.365	0.98	0.0265	0.0175	4.4562	0.011	557.1	0.5687	34.8505	246.4	7.13	12.71	0	0.87
57	551	73.493	-156.811	0.365	0.98	0.0265	0.0175	4.4562	0.011	557.1	0.5687	34.8505	246.4	7.13	12.63	0	0.87
57	551	73.493	-156.811	0.365	0.98	0.0265	0.0175	4.4578	0.01	557.8	0.6185	34.8496	246.9	7.03	12.59	0	0.86
57	551	73.493	-156.811	0.365	0.98	0.0265	0.0175	4.4578	0.01	557.8	0.6185	34.8496	246.9	7.03	12.5	0	0.86
57	551	73.493	-156.811	0.365	0.98	0.0265	0.0175	4.4578	0.01	557.6	0.6424	34.8481	245.3	6.74	12.65	0	0.87
57	551	73.493	-156.811	0.365	0.98	0.0265	0.0175	4.4578	0.01	557.6	0.6424	34.8481	245.3	6.74	12.52	0	0.86
57	551	73.493	-156.811	0.365	0.98	0.0265	0.0175	4.4578	0.01	557.1	0.5687	34.8505	246.4	7.13	12.71	0	0.87
57	551	73.493	-156.811	0.365	0.98	0.0265	0.0175	4.4578	0.01	557.1	0.5687	34.8505	246.4	7.13	12.63	0	0.87
57	551	73.493	-156.811	0.365	0.98	0.0265	0.0175	4.4456	0.01	557.8	0.6185	34.8496	246.9	7.03	12.59	0	0.86
57	551	73.493	-156.811	0.365	0.98	0.0265	0.0175	4.4456	0.01	557.8	0.6185	34.8496	246.9	7.03	12.5	0	0.86
57	551	73.493	-156.811	0.365	0.98	0.0265	0.0175	4.4456	0.01	557.6	0.6424	34.8481	245.3	6.74	12.65	0	0.87
57	551	73.493	-156.811	0.365	0.98	0.0265	0.0175	4.4456	0.01	557.6	0.6424	34.8481	245.3	6.74	12.52	0	0.86
57	551	73.493	-156.811	0.365	0.98	0.0265	0.0175	4.4456	0.01	557.1	0.5687	34.8505	246.4	7.13	12.71	0	0.87
57	551	73.493	-156.811	0.365	0.98	0.0265	0.0175	4.4456	0.01	557.1	0.5687	34.8505	246.4	7.13	12.63	0	0.87
57	661	73.493	-156.811	0.43	0.92	0.019	0.008	4.4597	0.01	668.8	0.4548	34.8582	247.3	6.64	12.51	0	0.86
57	661	73.493	-156.811	0.43	0.92	0.019	0.008	4.4597	0.01	668.8	0.4548	34.8582	247.3	6.64	12.49	0	0.86
57	751	73.493	-156.811	0	0.46	0.03	0.015	4.4592	0.011	760.2	0.3055	34.8626	248.8	6.54	12.41	0	0.86
57	751	73.493	-156.811	0	0.46	0.03	0.015	4.4592	0.011	760.2	0.3055	34.8626	248.8	6.54	12.44	0	0.86
57	951	73.493	-156.811	0.18	0.55	0.035	0.037	4.4597	0.011	963.2	0.0241	34.8747	250.4	6.74	12.57	0	0.87
57	951	73.493	-156.811	0.18	0.55	0.035	0.037	4.4597	0.011	963.2	0.0241	34.8747	250.4	6.74	12.6	0	0.88
57	1302	73.493	-156.811	0.11	0.36	0.026	0.006	4.4626	0.01	1319.4	-0.2332	34.8988	251	7.62	12.97	0	0.9
57	1302	73.493	-156.811	0.11	0.36	0.026	0.006	4.4626	0.01	1319.4	-0.2332	34.8988	251	7.62	13.01	0	0.9
57	1602	73.493	-156.811	0.05	0.85	0.016	0	4.4249	0.01	1624.6	-0.3599	34.9207	249.9	8.99	13.5	0	0.95
57	1602	73.493	-156.811	0.05	0.85	0.016	0	4.4249	0.01	1624.6	-0.3599	34.9207	249.9	8.89	13.62	0	0.95
57	2002	73.493	-156.811	0.06	0.36	0.01	0.042	4.4611	0.01	2032.3	-0.4056	34.9412	246	11.23	14.19	0	0.98
57	2002	73.493	-156.811	0.06	0.36	0.01	0.042	4.4611	0.01	2032.3	-0.4056	34.9412	246	11.13	14.26	0	1
57	2401	73.493	-156.811	0.16	0.71	0.015	0.049	4.4626	0.01	2440.4	-0.3811	34.9502	245.1	12.4	14.4	0	1.01
57	2401	73.493	-156.811	0.16	0.71	0.015	0.049	4.4626	0.01	2440.4	-0.3811	34.9502	245.1	12.4	14.52	0	1.01
57	2902	73.493	-156.811	0.08	0.75	0	0.005	4.4638	0.01	2952.3	-0.3384	34.9549	246.2	12.99	14.59	0	1.01
57	2902	73.493	-156.811	0.08	0.75	0	0.005	4.4638	0.01	2952.3	-0.3384	34.9549	246.2	12.99	14.51	0	1.01
57	3362	73.493	-156.811	0.06	0.78	0.005	0.008	4.464	0.01	3424.3	-0.295	34.9552	248.4	13.09	14.53	0	1.02
57	3362	73.493	-156.811	0.06	0.78	0.005	0.008	4.464	0.01	3424.3	-0.295	34.9552	248.4	13.09	14.55	0	1.01
57	3362	73.493	-156.811	0.06	0.78	0.005	0.008	4.464	0.011	3424.3	-0.295	34.9552	248.4	13.09	14.53	0	1.02
57	3362	73.493	-156.811	0.06	0.78	0.005	0.008	4.464	0.011	3424.3	-0.295	34.9552	248.4	13.09	14.55	0	1.01
57	3402	73.493	-156.811	0	0.76	0.008	0.005	4.4641	0.01	3465.6	-0.291	34.9551	248.7	13.19	14.58	0	1.01
57	3402	73.493	-156.811	0	0.76	0.008	0.005	4.4641	0.01	3465.6	-0.291	34.9551	248.7	13.19	14.54	0	1.02
57	3452	73.493	-156.811	0.21	0.45	0.01	0.052	4.4664	0.01	3517.4	-0.2861	34.9551	249.2	13.19	14.57	0	1.01
57	3452	73.493	-156.811	0.21	0.45	0.01	0.052	4.4664	0.01	3517.4	-0.2861	34.9551	249.2	13.28	14.54	0	1.01
60	25	72.999	-158.846	0	1.09	0	0.022	4.1813	0.328	25.1	1.6373	29.3987	294.4	4.22	0.19	0.02	0.65
60	25	72.999	-158.846	0	1.09	0	0.022	4.1813	0.328	25.1	1.6373	29.3987	294.4	3.73	0.14	0.01	0.66
60	36	72.999	-158.846	0.25	1.39	0.007	0.034	4.4342	0.087	36.7	-0.8848	30.0417	331	3.82	0.21	0.02	0.69
60	36	72.999	-158.846	0.25	1.39	0.007	0.034	4.4342	0.087	36.7	-0.8848	30.0417	331	3.82	0.17	0.01	0.7
60	44	72.999	-158.846	0.27	1.04	0.003	0.03	4.432	0.099	44.6	-0.5376	30.4837	330.8	5.19	0.27	0.05	0.73
60	44	72.999	-158.846	0.27	1.04	0.003	0.03	4.432	0.099	44.6	-0.5376	30.4837	330.8	5.19	0.24	0.05	0.74
60	57	72.999	-158.846	0.19	1.43	0.01	0.021	4.3553	0.079	57.5	1.784	31.1502	295.7	7.25	0.61	0.14	0.78
60	57	72.999	-158.846	0.19	1.43	0.01	0.021	4.3553	0.079	57.5	1.784	31.1502	295.7	7.74	0.98	0.18	0.84
60	110	72.999	-158.846	0.13	1.17	0.036	0.015	4.406	0.026	111.6	-1.3806	32.4203	249.8	25.05	12.13	0.03	1.6
60	110	72.999	-158.846	0.13	1.17	0.036	0.015	4.406	0.026	111.6	-1.3806	32.4203	249.8	25.54	12.36	0.03	1.61
60	138	72.999	-158.846	0.26	0.64	0.032	0.046	4.2567	0.026	139	-1.349	33.0682	225.5	32.08	14.82	0.09	1.73
60	138	72.999	-158.846	0.26	0.64	0.032	0.046	4.2567	0.026	139	-1.349	33.0682	225.5	32.28	14.85	0.09	1.76
60	240	72.999	-158.846	0.36	1.2	0.04	0.064	4.4279	0.013	243	0.1504	34.6148	232.2	11.33	13.02	0	0.98
60	240	72.999	-158.846	0.36	1.2	0.04	0.064	4.4279	0.013	243	0.1504	34.6148	232.2	11.43	13.05	0	0.99
60	336	72.999	-158.846	0.06	1.05	0.112	0.016	4.4305	0.011	339.3	0.6792	34.8163	241.1	7.91	12.78	0	0.89
60	336	72.999	-158.846	0.06	1.05	0.112	0.016	4.4305	0.011	339.3	0.6792	34.8163	241.1	7.91	12.89	0	0.89
60	415	72.999	-158.846	0.34	0.85	0.019	0.032	4.3615	0.011	419.9	0.5742	34.8453	245	7.52	12.75	0.01	0.89
60	415	72.999	-158.846	0.34	0.85	0.019	0.032	4.3615	0.011	419.9	0.5742	34.8453	245	7.52	12.77	0.01	0.88
60	660	72.999	-158.846	0.09	0.85	0.012	0	4.0431	0.013	668.4	0.4045	34.8557	247.3	7.72	12.75	0.02	0.91
60	660	72.999	-158.846	0.09	0.85	0.012	0	4.0431	0.013	668.4	0.4045	34.8557	247.3	7.72	12.74	0.02	0.93
60	860	72.999	-158.846	0.13	0.86	0.036	0.041	4.1565	0.013	871	0.3796	34.858	248.2	7.62	12.66	0.02	0.91
60	860	72.999	-158.846	0.13	0.86	0.036	0.041	4.1565	0.013	871	0.3796	34.858	248.2	7.52	12.71	0.02	0.91
60	885	72.999	-158.846	0.34	0.9	0.029	0.032	4.2027	0.012	896.5	0.3409	34.86	248.7	7.52	12.72	0.01	0.89
60	885	72.999	-158.846	0.34	0.9	0.029	0.032	4.2027	0.012	896.5	0.3409	34.86	248.7	7.52	12.69	0.01	0.9
61	55	72.798	-159.624	0.04	0.71	0.009	0.02	3.7089	0.051	55.5	-1.6582	32.6127	187.4	56.06	17.12	0.12	2.2
61	55	72.798	-159.624	0.04	0.71	0.009	0.02	3.7089	0.051	55.5	-1.6582	32.6127	187.4	56.15	17.18	0.12	2.21
61	55	72.798	-159.624	0.04	0.71	0.009	0.02	3.7089	0.051	55.8	-1.6597	32.6153	187	56.54	17.22	0.12	2.22
61	55	72.798	-159.624	0.04	0.71	0.009	0.02	3.7089	0.051	55.8	-1.6597	32.6153	187	57.42	17.32	0.13	2.26
66	13	71.997	-162.496	0.05	0.59	0.003	0.008	4.2611	0.43	12.8	0.8638	30.7032	293.4	4.11	0.03	0	0.42
66	13	71.997	-162.496	0.05	0.59	0.003	0.008	4.2611	0.43	12.8	0.8638	30.7032	293.4	4.11	0.02	0.01	0.41
66	13	71.997	-162.496	0.05	0.59	0.003	0.008	4.2611	0.43	12.9	0.8632	30.703	293.4	4.02	0.01	0.01	0.41
66	13	71.997	-162.496	0.05	0.59	0.003	0.008	4.2611	0.43	12.9	0.8632	30.703	293.4	4.02	0.01	0.01	0.4
66	13	71.997	-162.496	0.05	0.59	0.003	0.008	4.2611	0.43	13.1	0.8643	30.7029	293.4	3.92	0	0.01	0.41
66	13	71.997	-162.496	0.05	0.59	0.003	0.008	4.2611	0.43	13.1	0.8643	30.7029	293.4	4.02	0	0.01	0.4
66	21	71.997	-162.496	0.12	1.12	0.022	0.004	4.2561	0.436	20.7	0.8685	30.7073	293.4	3.33	0.01	0.01	0.43
66	21	71.997	-162.496	0.12	1.12	0.022	0.004	4.2561	0.436	20.7	0.8685	30.7073	293.4	3.13	0.03	0.01	0.47
66	29	71.997	-162.496	0.05	1.1	0.017	0.036	3.82	0.768	29.1	1.3246	31.537	275.7	5.19	0.36	0.03	0.61
66	29	71.997	-162.496	0.05	1.1	0.017	0.036	3.82	0.768	29.1	1.3246	31.537	275.7	4.7	0.3	0.03	0.61
